# 番号	時間(秒)	測定値(kgf)
# 1	0.13		0.054
# 2	0.18		0.056
# 3	0.2		0.056
# 4	0.23		0.056
# 5	0.25		0.06
# 6	0.28		0.058
# 7	0.3		0.056
# 8	0.33		0.056
# 9	0.35		0.054
# 10	0.38		0.054
# 11	0.4		0.056
# 12	0.43		0.056
# 13	0.45		0.056
# 14	0.48		0.056
# 15	0.51		0.056
# 16	0.53		0.056
# 17	0.56		0.056
# 18	0.58		0.06
# 19	0.61		0.06
# 20	0.64		0.06
# 21	0.66		0.06
# 22	0.69		0.06
# 23	0.71		0.06
# 24	0.74		0.06
# 25	0.76		0.06
# 26	0.79		0.062
# 27	0.81		0.062
# 28	0.84		0.066
# 29	0.86		0.068
# 30	0.89		0.068
# 31	0.91		0.072
# 32	0.94		0.078
# 33	0.97		0.082
# 34	0.99		0.086
# 35	1.02		0.092
# 36	1.05		0.094
# 37	1.07		0.096
# 38	1.1		0.096
# 39	1.12		0.092
# 40	1.15		0.094
# 41	1.18		0.094
# 42	1.2		0.096
# 43	1.23		0.098
# 44	1.25		0.1
# 45	1.28		0.102
# 46	1.3		0.104
# 47	1.33		0.108
# 48	1.35		0.106
# 49	1.38		0.11
# 50	1.4		0.112
# 51	1.43		0.114
# 52	1.45		0.114
# 53	1.48		0.122
# 54	1.51		0.128
# 55	1.53		0.134
# 56	1.56		0.14
# 57	1.59		0.148
# 58	1.61		0.156
# 59	1.64		0.162
# 60	1.67		0.17
# 61	1.69		0.18
# 62	1.72		0.192
# 63	1.74		0.206
# 64	1.77		0.24
# 65	1.79		0.276
# 66	1.82		0.296
# 67	1.85		0.352
# 68	1.87		0.412
# 69	1.89		0.478
# 70	1.92		0.508
# 71	1.95		0.584
# 72	1.97		0.662
# 73	2		0.718
# 74	2.02		0.752
# 75	2.05		0.804
# 76	2.08		0.858
# 77	2.1		0.882
# 78	2.13		0.942
# 79	2.15		1.004
# 80	2.18		1.052
# 81	2.21		1.062
# 82	2.23		1.076
# 83	2.26		1.062
# 84	2.29		1.05
# 85	2.31		1.038
# 86	2.34		1.012
# 87	2.36		0.974
# 88	2.39		0.962
# 89	2.42		0.93
# 90	2.48		0.894
# 91	2.51		0.886
# 92	2.56		0.882
# 93	2.59		0.888
# 94	2.61		0.89
# 95	2.64		0.89
# 96	2.67		0.892
# 97	2.69		0.898
# 98	2.72		0.906
# 99	2.75		0.928
# 100	2.78		0.966
# 101	2.8		0.982
# 102	2.83		0.988
# 103	2.85		0.994
# 104	2.88		0.992
# 105	2.9		0.988
# 106	2.93		0.976
# 107	2.96		0.964
# 108	2.98		0.962
# 109	3.01		0.962
# 110	3.03		0.986
# 111	3.06		1.032
# 112	3.09		1.064
# 113	3.11		1.092
# 114	3.14		1.134
# 115	3.16		1.158
# 116	3.19		1.166
# 117	3.22		1.19
# 118	3.26		1.208
# 119	3.28		1.22
# 120	3.31		1.238
# 121	3.34		1.266
# 122	3.37		1.284
# 123	3.39		1.302
# 124	3.42		1.318
# 125	3.44		1.336
# 126	3.47		1.348
# 127	3.5		1.372
# 128	3.52		1.384
# 129	3.55		1.4
# 130	3.58		1.408
# 131	3.6		1.426
# 132	3.63		1.444
# 133	3.66		1.462
# 134	3.68		1.486
# 135	3.71		1.498
# 136	3.73		1.506
# 137	3.76		1.512
# 138	3.79		1.522
# 139	3.81		1.542
# 140	3.84		1.56
# 141	3.87		1.596
# 142	3.9		1.624
# 143	3.92		1.662
# 144	3.95		1.676
# 145	3.98		1.696
# 146	4.01		1.728
# 147	4.03		1.748
# 148	4.06		1.76
# 149	4.09		1.778
# 150	4.11		1.792
# 151	4.14		1.794
# 152	4.16		1.802
# 153	4.19		1.82
# 154	4.22		1.838
# 155	4.24		1.872
# 156	4.27		1.91
# 157	4.3		1.946
# 158	4.32		1.954
# 159	4.35		1.956
# 160	4.38		1.964
# 161	4.41		1.97
# 162	4.43		1.978
# 163	4.46		1.98
# 164	4.49		2.002
# 165	4.51		2.012
# 166	4.54		2.016
# 167	4.56		2.028
# 168	4.59		2.036
# 169	4.62		2.04
# 170	4.64		2.044
# 171	4.67		2.078
# 172	4.7		2.084
# 173	4.73		2.088
# 174	4.75		2.12
# 175	4.78		2.132
# 176	4.81		2.134
# 177	4.83		2.17
# 178	4.86		2.198
# 179	4.88		2.2
# 180	4.91		2.232
# 181	4.94		2.258
# 182	4.97		2.262
# 183	4.99		2.278
184	5.02		2.31
185	5.05		2.322
186	5.07		2.326
187	5.1		2.354
188	5.13		2.354
189	5.16		2.32
190	5.19		2.286
191	5.21		2.214
192	5.24		2.168
193	5.26		2.17
194	5.29		2.162
195	5.32		2.164
196	5.34		2.164
197	5.37		2.18
198	5.39		2.19
199	5.42		2.198
200	5.45		2.202
201	5.47		2.198
202	5.5		2.21
203	5.53		2.218
204	5.56		2.234
205	5.58		2.266
206	5.61		2.258
207	5.63		2.264
208	5.67		2.284
209	5.7		2.252
210	5.73		2.24
211	5.75		2.25
212	5.78		2.238
213	5.81		2.266
214	5.84		2.294
215	5.86		2.314
216	5.89		2.366
217	5.92		2.396
218	5.95		2.44
219	5.97		2.478
220	6		2.476
221	6.03		2.488
222	6.05		2.478
223	6.08		2.462
224	6.11		2.476
225	6.13		2.452
226	6.16		2.438
227	6.19		2.422
228	6.21		2.4
229	6.24		2.354
230	6.27		2.258
231	6.29		2.256
232	6.32		2.218
233	6.35		2.182
234	6.37		2.208
235	6.4		2.248
236	6.43		2.264
237	6.45		2.342
238	6.48		2.364
239	6.51		2.402
240	6.53		2.446
241	6.56		2.464
242	6.58		2.456
243	6.61		2.468
244	6.64		2.432
245	6.67		2.426
246	6.69		2.418
247	6.72		2.354
248	6.75		2.338
249	6.78		2.332
250	6.8		2.302
251	6.83		2.312
252	6.85		2.322
253	6.88		2.266
254	6.91		2.274
255	6.94		2.288
256	6.96		2.23
257	6.99		2.274
258	7.01		2.276
259	7.04		2.268
260	7.07		2.316
261	7.09		2.356
262	7.12		2.35
263	7.15		2.392
264	7.18		2.408
265	7.2		2.386
266	7.23		2.366
267	7.26		2.366
268	7.28		2.364
269	7.31		2.388
270	7.34		2.434
271	7.37		2.444
272	7.39		2.492
273	7.42		2.524
274	7.45		2.562
275	7.47		2.586
276	7.5		2.584
277	7.53		2.57
278	7.55		2.514
279	7.58		2.446
280	7.61		2.426
281	7.63		2.33
282	7.66		2.3
283	7.68		2.268
284	7.71		2.246
285	7.75		2.252
286	7.78		2.222
287	7.8		2.236
288	7.83		2.252
289	7.86		2.296
290	7.88		2.312
291	7.91		2.354
292	7.93		2.39
293	7.96		2.408
294	7.99		2.436
295	8.01		2.484
296	8.04		2.48
297	8.07		2.5
298	8.09		2.516
299	8.12		2.462
300	8.15		2.474
301	8.17		2.446
302	8.2		2.374
303	8.23		2.332
304	8.25		2.312
305	8.28		2.244
306	8.31		2.218
307	8.34		2.228
308	8.37		2.21
309	8.4		2.182
310	8.43		2.136
311	8.46		2.126
312	8.49		2.128
313	8.51		2.152
314	8.54		2.196
315	8.57		2.154
316	8.6		2.21
317	8.63		2.234
318	8.65		2.258
319	8.68		2.278
320	8.72		2.254
321	8.74		2.23
322	8.77		2.202
323	8.8		2.192
324	8.83		2.142
325	8.86		2.152
326	8.89		2.136
327	8.92		2.082
328	8.95		2.088
329	8.98		2.052
330	9.01		2.058
331	9.03		2.098
332	9.06		2.05
333	9.09		2.06
334	9.11		2.05
335	9.14		2.014
336	9.17		1.99
337	9.2		1.982
338	9.22		1.924
339	9.25		1.84
340	9.28		1.818
341	9.3		1.784
342	9.33		1.718
343	9.36		1.68
344	9.38		1.658
345	9.41		1.632
346	9.44		1.618
347	9.47		1.62
348	9.49		1.634
349	9.52		1.654
350	9.55		1.702
351	9.57		1.72
352	9.6		1.784
353	9.63		1.854
354	9.66		1.89
355	9.69		1.964
356	9.71		2.004
357	9.74		2.046
358	9.77		2.068
359	9.79		2.058
360	9.82		2.072
361	9.85		2.068
362	9.87		2.064
363	9.9		2.068
364	9.93		2.068
365	9.96		2.056
366	9.98		2.082
367	10.02		2.026
368	10.04		2.026
369	10.07		2.05
370	10.1		2.008
371	10.12		2.004
372	10.15		2.03
373	10.18		1.996
374	10.21		1.966
375	10.23		1.984
376	10.26		1.896
377	10.29		1.872
378	10.32		1.868
379	10.34		1.81
380	10.37		1.818
381	10.4		1.806
382	10.43		1.756
383	10.45		1.768
384	10.48		1.738
385	10.51		1.75
386	10.54		1.804
387	10.56		1.768
388	10.59		1.756
389	10.62		1.76
390	10.65		1.732
391	10.67		1.738
392	10.7		1.752
393	10.73		1.712
394	10.75		1.72
395	10.78		1.714
396	10.81		1.682
397	10.83		1.736
398	10.86		1.74
399	10.9		1.752
400	10.93		1.794
401	10.96		1.798
402	10.98		1.788
403	11.01		1.802
404	11.04		1.81
405	11.07		1.778
406	11.1		1.79
407	11.13		1.772
408	11.16		1.776
409	11.18		1.768
410	11.21		1.748
411	11.24		1.752
412	11.26		1.734
413	11.29		1.674
414	11.32		1.644
415	11.35		1.528
416	11.38		1.398
417	11.4		1.286
418	11.43		1.212
419	11.46		1.076
420	11.49		0.956
421	11.51		0.918
422	11.54		0.86
423	11.57		0.852
424	11.59		0.882
425	11.62		0.91
426	11.65		0.938
427	11.68		0.974
428	11.71		0.986
429	11.74		1.008
430	11.76		1.032
431	11.79		1.04
432	11.82		1.044
433	11.84		1.05
434	11.87		1.05
435	11.9		1.048
436	11.93		1.054
437	11.95		1.08
438	11.98		1.102
439	12.01		1.172
440	12.03		1.252
441	12.06		1.356
442	12.09		1.422
443	12.12		1.486
444	12.15		1.524
445	12.18		1.536
446	12.2		1.562
447	12.23		1.6
448	12.26		1.624
449	12.29		1.696
450	12.31		1.76
451	12.34		1.804
452	12.37		1.832
453	12.4		1.854
454	12.43		1.846
455	12.45		1.84
456	12.48		1.818
457	12.51		1.81
458	12.53		1.818
459	12.56		1.852
460	12.59		1.898
461	12.62		1.924
462	12.65		1.944
463	12.67		1.968
464	12.7		1.982
465	12.73		1.998
466	12.76		2.026
467	12.79		2.038
468	12.81		2.062
469	12.84		2.072
470	12.87		2.094
471	12.89		2.124
472	12.92		2.144
473	12.95		2.19
474	12.98		2.206
475	13.01		2.212
476	13.03		2.246
477	13.07		2.268
478	13.09		2.3
479	13.12		2.332
480	13.15		2.344
481	13.18		2.332
482	13.21		2.304
483	13.24		2.182
484	13.26		2.022
485	13.3		1.932
486	13.33		1.728
487	13.36		1.524
488	13.39		1.474
489	13.42		1.356
490	13.46		1.304
491	13.49		1.264
492	13.52		1.202
493	13.55		1.184
494	13.57		1.18
495	13.6		1.212
496	13.63		1.21
497	13.66		1.196
498	13.68		1.212
499	13.71		1.204
500	13.74		1.176
501	13.77		1.182
502	13.8		1.186
503	13.83		1.154
504	13.86		1.116
505	13.89		1.002
506	13.91		0.844
507	13.94		0.788
508	13.97		0.798
509	14		0.844
510	14.03		0.942
511	14.06		1.01
512	14.09		1.15
513	14.12		1.328
514	14.15		1.414
515	14.18		1.564
516	14.2		1.736
517	14.23		1.808
518	14.26		1.96
519	14.29		2.126
520	14.32		2.204
521	14.35		2.344
522	14.37		2.464
523	14.41		2.558
524	14.43		2.594
525	14.46		2.616
526	14.49		2.586
527	14.52		2.556
528	14.54		2.5
529	14.57		2.45
530	14.6		2.426
531	14.63		2.4
532	14.66		2.386
533	14.68		2.386
534	14.71		2.384
535	14.74		2.406
536	14.76		2.412
537	14.79		2.402
538	14.82		2.412
539	14.85		2.386
540	14.87		2.358
541	14.9		2.326
542	14.93		2.302
543	14.96		2.292
544	14.99		2.284
545	15.02		2.266
546	15.04		2.222
547	15.07		2.212
548	15.1		2.176
549	15.12		2.142
550	15.15		2.118
551	15.18		2.1
552	15.21		2.09
553	15.24		2.058
554	15.26		2.058
555	15.29		2.054
556	15.32		2.02
557	15.35		2.044
558	15.37		2.036
559	15.4		2.03
560	15.43		2.03
561	15.46		2.004
562	15.49		1.966
563	15.52		1.916
564	15.54		1.892
565	15.57		1.864
566	15.6		1.844
567	15.63		1.832
568	15.66		1.822
569	15.68		1.818
570	15.71		1.814
571	15.74		1.818
572	15.77		1.812
573	15.8		1.81
574	15.82		1.802
575	15.85		1.802
576	15.88		1.806
577	15.91		1.798
578	15.93		1.796
579	15.96		1.804
580	15.99		1.816
581	16.02		1.818
582	16.05		1.846
583	16.08		1.848
584	16.1		1.854
585	16.13		1.854
586	16.16		1.866
587	16.19		1.866
588	16.22		1.848
589	16.24		1.834
590	16.27		1.828
591	16.3		1.824
592	16.33		1.846
593	16.36		1.862
594	16.39		1.862
595	16.41		1.862
596	16.44		1.888
597	16.47		1.916
598	16.5		1.928
599	16.53		1.964
600	16.55		1.948
601	16.58		1.938
602	16.61		1.942
603	16.64		1.952
604	16.67		1.966
605	16.7		2.01
606	16.73		2.022
607	16.76		2.028
608	16.78		2.024
609	16.81		2.016
610	16.84		2.018
611	16.87		2.016
612	16.9		2.022
613	16.92		2.026
614	16.95		2.04
615	16.98		2.054
616	17.01		2.074
617	17.04		2.086
618	17.06		2.08
619	17.09		2.058
620	17.12		2.054
621	17.16		2.056
622	17.19		2.064
623	17.22		2.11
624	17.25		2.104
625	17.27		2.13
626	17.3		2.136
627	17.34		2.122
628	17.37		2.096
629	17.4		2.046
630	17.42		2.018
631	17.45		1.986
632	17.48		1.966
633	17.51		1.946
634	17.54		1.886
635	17.57		1.846
636	17.6		1.802
637	17.63		1.784
638	17.65		1.816
639	17.68		1.828
640	17.71		1.82
641	17.74		1.81
642	17.77		1.756
643	17.8		1.712
644	17.83		1.658
645	17.86		1.594
646	17.89		1.568
647	17.92		1.526
648	17.95		1.484
649	17.97		1.45
650	18		1.364
651	18.03		1.294
652	18.06		1.25
653	18.09		1.246
654	18.11		1.294
655	18.14		1.372
656	18.17		1.404
657	18.2		1.486
658	18.23		1.528
659	18.26		1.542
660	18.29		1.56
661	18.32		1.554
662	18.34		1.546
663	18.37		1.558
664	18.4		1.568
665	18.43		1.578
666	18.46		1.586
667	18.49		1.58
668	18.52		1.576
669	18.55		1.584
670	18.57		1.616
671	18.6		1.648
672	18.63		1.66
673	18.66		1.682
674	18.69		1.69
675	18.72		1.69
676	18.75		1.686
677	18.77		1.682
678	18.8		1.676
679	18.83		1.668
680	18.86		1.676
681	18.89		1.688
682	18.92		1.684
683	18.94		1.692
684	18.97		1.696
# 685	19		1.684
# 686	19.04		1.676
# 687	19.06		1.68
# 688	19.09		1.656
# 689	19.12		1.638
# 690	19.15		1.612
# 691	19.18		1.556
# 692	19.21		1.53
# 693	19.23		1.506
# 694	19.26		1.222
# 695	19.29		0.98
# 696	19.32		0.554
# 697	19.35		0.122
