# 番号	時間(秒)	測定値(kgf)
# 1	0.17		0
# 2	0.2		0
# 3	0.22		0
# 4	0.28		0
# 5	0.31		0
# 6	0.35		0
# 7	0.39		0
# 8	0.43		0
# 9	0.45		0
# 10	0.48		0
# 11	0.5		0
# 12	0.53		0
# 13	0.55		0
# 14	0.58		0
# 15	0.6		0
# 16	0.63		0
# 17	0.65		0
# 18	0.68		0
# 19	0.7		0
# 20	0.73		0
# 21	0.76		0
# 22	0.78		0
# 23	0.81		0
# 24	0.83		0
# 25	0.86		0
# 26	0.88		0
# 27	0.91		0
# 28	0.93		0
# 29	0.96		0
# 30	0.98		0
# 31	1.01		0
# 32	1.03		0
# 33	1.06		0
# 34	1.09		0
# 35	1.11		0
# 36	1.14		0
# 37	1.16		0
# 38	1.19		0
# 39	1.21		0.01
# 40	1.24		0
# 41	1.27		0
# 42	1.29		0
# 43	1.32		0
# 44	1.34		0
# 45	1.37		0
# 46	1.39		0
# 47	1.42		0
# 48	1.44		0
# 49	1.47		0
# 50	1.49		0
# 51	1.52		0
# 52	1.54		0
# 53	1.57		0
# 54	1.59		0
# 55	1.62		0
# 56	1.64		0
# 57	1.67		0
# 58	1.69		0
# 59	1.72		0
# 60	1.74		0
# 61	1.77		0
# 62	1.79		0
# 63	1.82		0
# 64	1.85		0
# 65	1.87		0
# 66	1.9		0
# 67	1.92		0
# 68	1.95		0
# 69	1.97		0
# 70	2		0
# 71	2.02		0
# 72	2.05		0
# 73	2.07		0
# 74	2.1		0
# 75	2.12		0
# 76	2.15		0
# 77	2.18		0
# 78	2.2		0
# 79	2.23		0
# 80	2.25		0
# 81	2.28		0
# 82	2.3		0
# 83	2.33		0.014
# 84	2.35		0.032
# 85	2.38		0.048
# 86	2.41		0.082
# 87	2.43		0.112
# 88	2.46		0.132
# 89	2.48		0.142
# 90	2.51		0.162
# 91	2.53		0.176
# 92	2.56		0.18
# 93	2.59		0.19
# 94	2.61		0.182
# 95	2.64		0.174
# 96	2.66		0.172
# 97	2.69		0.164
# 98	2.71		0.154
# 99	2.74		0.15
# 100	2.76		0.146
# 101	2.79		0.142
# 102	2.81		0.14
# 103	2.84		0.14
# 104	2.86		0.14
# 105	2.89		0.138
# 106	2.92		0.134
# 107	2.94		0.138
# 108	2.97		0.146
# 109	2.99		0.156
# 110	3.02		0.172
# 111	3.04		0.174
# 112	3.07		0.17
# 113	3.09		0.158
# 114	3.12		0.148
# 115	3.15		0.134
# 116	3.17		0.134
# 117	3.2		0.15
# 118	3.23		0.156
# 119	3.25		0.16
# 120	3.28		0.174
# 121	3.3		0.182
# 122	3.33		0.178
# 123	3.36		0.192
# 124	3.38		0.198
# 125	3.41		0.196
# 126	3.43		0.19
# 127	3.46		0.196
# 128	3.49		0.206
# 129	3.51		0.218
# 130	3.54		0.246
# 131	3.56		0.276
# 132	3.59		0.296
# 133	3.61		0.33
# 134	3.64		0.37
# 135	3.67		0.406
# 136	3.69		0.424
# 137	3.72		0.456
# 138	3.74		0.49
# 139	3.77		0.532
# 140	3.8		0.55
# 141	3.82		0.59
# 142	3.85		0.632
# 143	3.87		0.642
# 144	3.9		0.664
# 145	3.92		0.696
# 146	3.95		0.712
# 147	3.98		0.712
# 148	4		0.718
# 149	4.03		0.718
# 150	4.06		0.708
# 151	4.08		0.702
# 152	4.11		0.696
# 153	4.13		0.688
# 154	4.16		0.694
# 155	4.19		0.7
# 156	4.22		0.736
# 157	4.25		0.772
# 158	4.27		0.81
# 159	4.3		0.87
# 160	4.33		0.898
# 161	4.35		0.908
# 162	4.38		0.938
# 163	4.4		0.962
164	4.43		0.984
165	4.46		1.012
166	4.48		1.054
167	4.51		1.064
168	4.53		1.076
169	4.56		1.102
170	4.59		1.12
171	4.62		1.124
172	4.64		1.132
173	4.67		1.126
174	4.7		1.12
175	4.73		1.106
176	4.75		1.094
177	4.78		1.084
178	4.8		1.076
179	4.83		1.074
180	4.86		1.078
181	4.88		1.08
182	4.91		1.074
183	4.93		1.088
184	4.96		1.094
185	4.99		1.09
186	5.01		1.11
187	5.04		1.118
188	5.06		1.124
189	5.09		1.136
190	5.12		1.136
191	5.14		1.146
192	5.17		1.14
193	5.2		1.138
194	5.22		1.132
195	5.25		1.13
196	5.28		1.12
197	5.31		1.106
198	5.34		1.116
199	5.37		1.114
200	5.39		1.13
201	5.42		1.146
202	5.45		1.146
203	5.47		1.148
204	5.5		1.15
205	5.52		1.15
206	5.55		1.14
207	5.58		1.136
208	5.6		1.108
209	5.63		1.102
210	5.66		1.082
211	5.68		1.078
212	5.71		1.066
213	5.74		1.068
214	5.76		1.068
215	5.79		1.052
216	5.82		1.048
217	5.84		1.038
218	5.87		1.036
219	5.89		1.05
220	5.92		1.05
221	5.94		1.064
222	5.97		1.072
223	6		1.082
224	6.03		1.082
225	6.05		1.09
226	6.08		1.106
227	6.1		1.102
228	6.13		1.094
229	6.16		1.104
230	6.18		1.092
231	6.21		1.102
232	6.24		1.126
233	6.26		1.122
234	6.29		1.114
235	6.32		1.088
236	6.34		1.04
237	6.37		0.986
238	6.4		0.948
239	6.42		0.886
240	6.45		0.856
241	6.48		0.854
242	6.5		0.876
243	6.53		0.948
244	6.56		1.054
245	6.58		1.1
246	6.61		1.114
247	6.63		1.204
248	6.66		1.294
249	6.69		1.312
250	6.71		1.358
251	6.74		1.346
252	6.76		1.314
253	6.79		1.3
254	6.82		1.244
255	6.84		1.188
256	6.87		1.154
257	6.9		1.116
258	6.92		1.104
259	6.95		1.096
260	6.97		1.098
261	7		1.122
262	7.03		1.126
263	7.05		1.122
264	7.08		1.13
265	7.11		1.122
266	7.13		1.136
267	7.16		1.146
268	7.18		1.134
269	7.21		1.154
270	7.23		1.178
271	7.26		1.166
272	7.29		1.18
273	7.31		1.202
274	7.34		1.198
275	7.37		1.186
276	7.4		1.202
277	7.42		1.206
278	7.45		1.19
279	7.48		1.184
280	7.5		1.178
281	7.53		1.176
282	7.55		1.154
283	7.58		1.17
284	7.61		1.182
285	7.63		1.182
286	7.66		1.166
287	7.68		1.204
288	7.71		1.22
289	7.74		1.208
290	7.76		1.212
291	7.79		1.222
292	7.81		1.216
293	7.84		1.196
294	7.86		1.22
295	7.89		1.22
296	7.92		1.22
297	7.95		1.24
298	7.97		1.236
299	8		1.23
300	8.03		1.24
301	8.05		1.218
302	8.08		1.212
303	8.1		1.216
304	8.13		1.184
305	8.16		1.186
306	8.18		1.186
307	8.21		1.166
308	8.23		1.178
309	8.26		1.182
310	8.29		1.166
311	8.31		1.148
312	8.34		1.13
313	8.37		1.108
314	8.39		1.1
315	8.42		1.102
316	8.45		1.112
317	8.48		1.122
318	8.51		1.134
319	8.53		1.16
320	8.56		1.158
321	8.58		1.154
322	8.61		1.156
323	8.64		1.16
324	8.66		1.158
325	8.69		1.152
326	8.71		1.166
327	8.74		1.162
328	8.77		1.158
329	8.79		1.172
330	8.82		1.168
331	8.85		1.17
332	8.87		1.176
333	8.9		1.176
334	8.93		1.172
335	8.95		1.166
336	8.98		1.162
337	9.01		1.162
338	9.04		1.168
339	9.07		1.18
340	9.09		1.196
341	9.12		1.204
342	9.14		1.208
343	9.17		1.202
344	9.2		1.192
345	9.22		1.19
346	9.25		1.176
347	9.28		1.156
348	9.3		1.146
349	9.33		1.132
350	9.35		1.102
351	9.38		1.084
352	9.41		1.084
353	9.43		1.09
354	9.46		1.1
355	9.49		1.12
356	9.52		1.132
357	9.55		1.136
358	9.57		1.168
359	9.6		1.174
360	9.62		1.178
361	9.65		1.186
362	9.68		1.172
363	9.7		1.164
364	9.73		1.158
365	9.76		1.144
366	9.78		1.132
367	9.81		1.1
368	9.84		1.062
369	9.86		1.036
370	9.89		1.028
371	9.92		1.022
372	9.94		1.028
373	9.97		1.03
374	9.99		1.032
375	10.02		1.034
376	10.05		1.048
377	10.08		1.048
378	10.11		1.054
379	10.14		1.072
380	10.17		1.08
381	10.2		1.088
382	10.22		1.11
383	10.25		1.11
384	10.28		1.114
385	10.31		1.13
386	10.33		1.118
387	10.36		1.116
388	10.38		1.118
389	10.41		1.112
390	10.44		1.116
391	10.46		1.128
392	10.49		1.138
393	10.52		1.16
394	10.55		1.168
395	10.57		1.158
396	10.6		1.184
397	10.63		1.188
398	10.66		1.2
399	10.68		1.232
400	10.71		1.22
401	10.74		1.198
402	10.76		1.126
403	10.79		1.072
404	10.82		1.046
405	10.84		0.976
406	10.87		0.952
407	10.9		0.954
408	10.92		0.968
409	10.95		1.02
410	10.98		1.064
411	11		1.074
412	11.03		1.082
413	11.06		1.108
414	11.08		1.122
415	11.11		1.114
416	11.14		1.11
417	11.16		1.078
418	11.19		1.054
419	11.22		0.998
420	11.25		0.942
421	11.27		0.92
422	11.3		0.916
423	11.33		0.966
424	11.35		1.026
425	11.38		1.046
426	11.41		1.046
427	11.43		1.026
428	11.46		0.998
429	11.49		0.972
430	11.51		0.954
431	11.54		0.954
432	11.57		0.948
433	11.6		0.95
434	11.62		0.948
435	11.65		0.942
436	11.68		0.934
437	11.7		0.946
438	11.73		0.96
439	11.76		0.97
440	11.79		1.006
441	11.81		1.032
442	11.84		1.04
443	11.87		1.046
444	11.89		1.042
445	11.92		1.026
446	11.95		1.026
447	11.97		1.034
448	12		1.034
449	12.03		1.046
450	12.05		1.052
451	12.08		1.044
452	12.11		1.04
453	12.13		1.04
454	12.16		1.052
455	12.19		1.076
456	12.21		1.084
457	12.24		1.098
458	12.27		1.106
459	12.3		1.094
460	12.32		1.09
461	12.35		1.082
462	12.38		1.068
463	12.4		1.07
464	12.43		1.066
465	12.46		1.078
466	12.48		1.094
467	12.51		1.098
468	12.54		1.118
469	12.57		1.132
470	12.59		1.13
471	12.62		1.14
472	12.65		1.142
473	12.68		1.142
474	12.71		1.142
475	12.73		1.134
476	12.76		1.146
477	12.79		1.146
478	12.82		1.15
479	12.84		1.166
480	12.87		1.166
481	12.9		1.17
482	12.93		1.194
483	12.95		1.2
484	12.98		1.206
485	13.01		1.2
486	13.03		1.192
487	13.06		1.196
488	13.09		1.186
489	13.12		1.198
490	13.14		1.202
491	13.17		1.192
492	13.2		1.198
493	13.22		1.198
494	13.25		1.198
495	13.28		1.182
496	13.31		1.17
497	13.33		1.164
498	13.36		1.16
499	13.39		1.17
500	13.42		1.19
501	13.45		1.2
502	13.47		1.214
503	13.5		1.238
504	13.53		1.26
505	13.55		1.274
506	13.58		1.302
507	13.61		1.314
508	13.63		1.314
509	13.66		1.302
510	13.69		1.272
511	13.72		1.248
512	13.74		1.22
513	13.77		1.19
514	13.8		1.17
515	13.83		1.162
516	13.85		1.156
517	13.88		1.158
518	13.91		1.152
519	13.94		1.148
520	13.96		1.154
521	13.99		1.148
522	14.02		1.148
523	14.05		1.166
524	14.07		1.174
525	14.1		1.178
526	14.13		1.192
527	14.15		1.19
528	14.18		1.19
529	14.21		1.196
530	14.24		1.202
531	14.26		1.2
532	14.29		1.206
533	14.32		1.214
534	14.34		1.218
535	14.37		1.216
536	14.4		1.218
537	14.42		1.214
538	14.45		1.196
539	14.48		1.198
540	14.51		1.184
541	14.54		1.156
542	14.56		1.144
543	14.59		1.116
# 544	14.62		1.096
# 545	14.65		1.07
# 546	14.67		1.054
# 547	14.7		1.032
# 548	14.73		0.998
# 549	14.76		0.976
# 550	14.79		0.948
# 551	14.81		0.942
# 552	14.84		0.8
# 553	14.87		0.588
# 554	14.89		0.32
# 555	14.92		0.036
