# 番号	時間(秒)	測定値(kgf)
# 1	0.14		0
# 2	0.19		0
# 3	0.24		0
# 4	0.27		0
# 5	0.3		0
# 6	0.32		0
# 7	0.35		0
# 8	0.37		0
# 9	0.4		0
# 10	0.42		0
# 11	0.45		0
# 12	0.47		0
# 13	0.5		0
# 14	0.52		0
# 15	0.55		0
# 16	0.58		0
# 17	0.6		0
# 18	0.63		0
# 19	0.65		0
# 20	0.68		0
# 21	0.7		0
# 22	0.73		0
# 23	0.75		0
# 24	0.78		0
# 25	0.8		0
# 26	0.83		0
# 27	0.85		0
# 28	0.88		0
# 29	0.9		0
# 30	0.93		0
# 31	0.96		0
# 32	0.98		0
# 33	1.01		0
# 34	1.03		0
# 35	1.06		0
# 36	1.08		0
# 37	1.11		0
# 38	1.13		0
# 39	1.16		0
# 40	1.19		0
# 41	1.21		0
# 42	1.24		0
# 43	1.26		0
# 44	1.29		0
# 45	1.31		0
# 46	1.34		0
# 47	1.36		0
# 48	1.39		0
# 49	1.42		0
# 50	1.44		0
# 51	1.47		0
# 52	1.49		0
# 53	1.52		0.01
# 54	1.54		0
# 55	1.57		0
# 56	1.59		0
# 57	1.62		0
# 58	1.64		0
# 59	1.67		0
# 60	1.7		0
# 61	1.72		0
# 62	1.75		0
# 63	1.77		0
# 64	1.8		0
# 65	1.82		0
# 66	1.85		0
# 67	1.87		0
# 68	1.9		0
# 69	1.92		0
# 70	1.95		0
# 71	1.98		0
# 72	2.01		0
# 73	2.04		0
# 74	2.06		0
# 75	2.09		0
# 76	2.11		0
# 77	2.14		0
# 78	2.17		0
# 79	2.19		0
# 80	2.22		0
# 81	2.24		0
# 82	2.27		0
# 83	2.3		0
# 84	2.32		0
# 85	2.35		0
# 86	2.37		0
# 87	2.4		0
# 88	2.43		0
# 89	2.45		0
# 90	2.48		0
# 91	2.5		0
# 92	2.53		0
# 93	2.55		0
# 94	2.58		0
# 95	2.6		0
# 96	2.63		0
# 97	2.66		0
# 98	2.68		0
# 99	2.71		0
# 100	2.73		0
# 101	2.76		0
# 102	2.78		0
# 103	2.81		0
# 104	2.83		0
# 105	2.86		0
# 106	2.89		0
# 107	2.91		0
# 108	2.94		0
# 109	2.96		0
# 110	2.99		0
# 111	3.01		0
# 112	3.04		0
# 113	3.06		0
# 114	3.09		0
# 115	3.11		0
# 116	3.14		0
# 117	3.16		0
# 118	3.19		0
# 119	3.21		0
# 120	3.24		0
# 121	3.27		0
# 122	3.3		0
# 123	3.33		0
# 124	3.35		0
# 125	3.38		0
# 126	3.41		0
# 127	3.43		0
# 128	3.46		0
# 129	3.48		0
# 130	3.51		0
# 131	3.54		0
# 132	3.57		0
# 133	3.59		0
# 134	3.62		0
# 135	3.64		0
# 136	3.67		0
# 137	3.7		0
# 138	3.72		0
# 139	3.75		0
# 140	3.77		0
# 141	3.8		0
# 142	3.82		0
# 143	3.85		0
# 144	3.87		0
# 145	3.9		0
# 146	3.93		0
# 147	3.95		0
# 148	3.98		0
# 149	4.01		0
# 150	4.03		0
# 151	4.06		0
# 152	4.09		0
# 153	4.11		0
# 154	4.14		0
# 155	4.16		0
# 156	4.19		0
# 157	4.21		0
# 158	4.24		0
# 159	4.26		0
# 160	4.29		0
# 161	4.32		0
# 162	4.34		0
# 163	4.37		0
# 164	4.39		0
# 165	4.42		0
# 166	4.44		0
# 167	4.47		0
# 168	4.5		0
# 169	4.52		0
# 170	4.55		0
# 171	4.57		0
# 172	4.6		0
# 173	4.63		0
# 174	4.65		0
# 175	4.68		0
# 176	4.71		0
# 177	4.73		0
# 178	4.76		0
# 179	4.78		0
# 180	4.81		0
# 181	4.83		0
# 182	4.86		0
# 183	4.88		0
# 184	4.91		0
# 185	4.94		0
# 186	4.96		0
# 187	4.99		0
# 188	5.01		0
# 189	5.04		0
# 190	5.06		0
# 191	5.09		0
# 192	5.12		0
# 193	5.14		0
# 194	5.17		0
# 195	5.2		0
# 196	5.22		0
# 197	5.25		0.01
# 198	5.27		0.014
# 199	5.3		0.02
# 200	5.33		0.028
# 201	5.35		0.032
# 202	5.38		0.036
# 203	5.4		0.034
# 204	5.43		0.034
# 205	5.46		0.03
# 206	5.48		0.028
# 207	5.51		0.03
# 208	5.53		0.03
# 209	5.56		0.03
# 210	5.59		0.028
# 211	5.61		0.03
# 212	5.64		0.032
# 213	5.66		0.036
# 214	5.69		0.044
# 215	5.72		0.046
# 216	5.74		0.052
# 217	5.77		0.058
# 218	5.8		0.068
# 219	5.82		0.07
# 220	5.85		0.078
# 221	5.87		0.088
# 222	5.9		0.094
# 223	5.93		0.096
# 224	5.95		0.108
# 225	5.98		0.114
# 226	6		0.122
# 227	6.03		0.14
# 228	6.06		0.156
# 229	6.09		0.17
# 230	6.11		0.182
# 231	6.14		0.21
# 232	6.17		0.24
# 233	6.19		0.272
# 234	6.22		0.328
# 235	6.25		0.384
# 236	6.27		0.424
# 237	6.3		0.466
# 238	6.33		0.514
# 239	6.35		0.556
# 240	6.38		0.57
# 241	6.4		0.61
# 242	6.43		0.648
# 243	6.45		0.686
# 244	6.48		0.698
# 245	6.5		0.74
# 246	6.53		0.784
# 247	6.56		0.82
# 248	6.58		0.874
# 249	6.61		0.942
# 250	6.64		1.006
# 251	6.66		1.026
# 252	6.69		1.072
# 253	6.71		1.114
# 254	6.74		1.142
# 255	6.77		1.166
256	6.8		1.216
257	6.83		1.26
258	6.86		1.27
259	6.88		1.298
260	6.91		1.3
261	6.93		1.288
262	6.96		1.306
263	6.99		1.318
264	7.01		1.284
265	7.04		1.292
266	7.06		1.308
267	7.09		1.318
268	7.11		1.33
269	7.14		1.348
270	7.17		1.352
271	7.19		1.328
272	7.22		1.326
273	7.24		1.324
274	7.27		1.3
275	7.3		1.298
276	7.32		1.298
277	7.35		1.284
278	7.38		1.302
279	7.4		1.314
280	7.43		1.304
281	7.45		1.304
282	7.48		1.29
283	7.51		1.29
284	7.53		1.314
285	7.56		1.316
286	7.59		1.312
287	7.61		1.312
288	7.64		1.292
289	7.67		1.294
290	7.69		1.29
291	7.72		1.3
292	7.75		1.31
293	7.77		1.306
294	7.8		1.306
295	7.83		1.316
296	7.85		1.312
297	7.88		1.314
298	7.9		1.342
299	7.93		1.326
300	7.96		1.348
301	7.98		1.364
302	8.01		1.356
303	8.04		1.376
304	8.06		1.386
305	8.09		1.38
306	8.12		1.366
307	8.14		1.382
308	8.17		1.378
309	8.19		1.324
310	8.22		1.286
311	8.24		1.264
312	8.27		1.206
313	8.3		1.166
314	8.32		1.134
315	8.35		1.116
316	8.38		1.082
317	8.4		1.062
318	8.43		1.072
319	8.45		1.094
320	8.48		1.14
321	8.51		1.194
322	8.54		1.218
323	8.56		1.246
324	8.59		1.288
325	8.61		1.318
326	8.64		1.342
327	8.66		1.35
328	8.69		1.324
329	8.72		1.316
330	8.74		1.312
331	8.77		1.266
332	8.79		1.236
333	8.82		1.232
334	8.85		1.234
335	8.88		1.258
336	8.91		1.286
337	8.93		1.332
338	8.96		1.332
339	8.99		1.324
340	9.01		1.342
341	9.04		1.334
342	9.07		1.322
343	9.1		1.346
344	9.12		1.388
345	9.15		1.39
346	9.17		1.412
347	9.2		1.434
348	9.23		1.43
349	9.25		1.438
350	9.28		1.47
351	9.3		1.478
352	9.33		1.438
353	9.36		1.462
354	9.38		1.45
355	9.41		1.406
356	9.43		1.426
357	9.46		1.406
358	9.49		1.388
359	9.51		1.412
360	9.54		1.392
361	9.57		1.38
362	9.6		1.414
363	9.96		1.388
364	9.98		1.258
365	10.01		1.238
366	10.04		1.23
367	10.06		1.25
368	10.09		1.294
369	10.11		1.314
370	10.14		1.314
371	10.17		1.29
372	10.19		1.258
373	10.22		1.246
374	10.25		1.244
375	10.27		1.244
376	10.31		1.234
377	10.33		1.228
378	10.36		1.228
379	10.38		1.21
380	10.41		1.224
381	10.43		1.238
382	10.46		1.248
383	10.49		1.284
384	10.51		1.282
385	10.54		1.278
386	10.57		1.29
387	10.59		1.262
388	10.62		1.25
389	10.65		1.24
390	10.67		1.22
391	10.7		1.23
392	10.73		1.238
393	10.76		1.246
394	10.79		1.256
395	10.81		1.268
396	10.84		1.292
397	10.86		1.32
398	10.89		1.328
399	10.92		1.344
400	10.95		1.342
401	10.97		1.306
402	11		1.302
403	11.03		1.282
404	11.05		1.234
405	11.08		1.216
406	11.11		1.202
407	11.13		1.168
408	11.16		1.17
409	11.18		1.16
410	11.21		1.134
411	11.24		1.134
412	11.27		1.138
413	11.3		1.14
414	11.32		1.158
415	11.35		1.164
416	11.38		1.158
417	11.4		1.152
418	11.43		1.156
419	11.46		1.156
420	11.48		1.156
421	11.51		1.152
422	11.54		1.11
423	11.57		1.104
424	11.59		1.08
425	11.62		1.052
426	11.65		1.08
427	11.67		1.102
428	11.7		1.136
429	11.73		1.18
430	11.75		1.176
431	11.78		1.182
432	11.81		1.204
433	11.84		1.218
434	11.86		1.224
435	11.89		1.22
436	11.92		1.222
437	11.94		1.224
438	11.97		1.222
439	12		1.224
440	12.02		1.216
441	12.05		1.2
442	12.08		1.178
443	12.11		1.168
444	12.13		1.17
445	12.16		1.164
446	12.18		1.158
447	12.21		1.172
448	12.24		1.19
449	12.27		1.198
450	12.29		1.246
451	12.32		1.256
452	12.35		1.266
453	12.38		1.29
454	12.41		1.302
455	12.44		1.314
456	12.46		1.27
457	12.49		1.288
458	12.52		1.28
459	12.55		1.282
460	12.57		1.326
461	12.6		1.31
462	12.63		1.314
463	12.65		1.322
464	12.68		1.29
465	12.7		1.288
466	12.73		1.318
467	12.76		1.276
468	12.78		1.276
469	12.81		1.312
470	12.84		1.254
471	12.87		1.25
472	12.9		1.242
473	12.92		1.218
474	12.95		1.254
475	12.98		1.238
476	13		1.27
477	13.04		1.29
478	13.06		1.28
479	13.09		1.342
480	13.12		1.322
481	13.15		1.316
482	13.17		1.318
483	13.2		1.3
484	13.23		1.306
485	13.26		1.296
486	13.28		1.324
487	13.31		1.296
488	13.34		1.282
489	13.37		1.316
490	13.39		1.278
491	13.42		1.282
492	13.45		1.318
493	13.48		1.28
494	13.51		1.318
495	13.53		1.322
496	13.56		1.322
497	13.59		1.37
498	13.61		1.364
499	13.64		1.37
500	13.67		1.374
501	13.7		1.388
502	13.72		1.392
503	13.75		1.412
504	13.78		1.422
505	13.8		1.412
506	13.83		1.406
507	13.86		1.408
508	13.89		1.384
509	13.91		1.38
510	13.94		1.378
511	13.97		1.37
512	13.99		1.39
513	14.02		1.406
514	14.05		1.414
515	14.08		1.41
516	14.11		1.396
517	14.13		1.376
518	14.16		1.354
519	14.19		1.348
520	14.21		1.332
521	14.24		1.324
522	14.27		1.314
523	14.29		1.31
524	14.32		1.296
525	14.35		1.274
526	14.37		1.272
527	14.4		1.26
528	14.43		1.254
529	14.46		1.248
530	14.48		1.236
531	14.51		1.218
532	14.54		1.216
533	14.56		1.214
534	14.59		1.198
535	14.62		1.212
536	14.65		1.208
537	14.67		1.202
538	14.7		1.206
539	14.73		1.184
540	14.75		1.178
541	14.78		1.166
542	14.81		1.148
543	14.84		1.148
544	14.86		1.148
545	14.89		1.152
546	14.92		1.18
547	14.94		1.192
548	14.97		1.198
# 549	15		1.206
# 550	15.03		1.21
# 551	15.05		1.196
# 552	15.08		1.178
# 553	15.11		1.17
# 554	15.14		1.162
# 555	15.16		1.136
# 556	15.19		1.122
# 557	15.22		1.114
# 558	15.25		1.082
# 559	15.28		1.038
# 560	15.3		0.994
# 561	15.33		0.954
# 562	15.36		0.892
# 563	15.39		0.83
# 564	15.42		0.806
# 565	15.44		0.744
# 566	15.47		0.676
# 567	15.5		0.65
# 568	15.53		0.58
# 569	15.55		0.53
# 570	15.58		0.522
# 571	15.61		0.52
# 572	15.63		0.53
# 573	15.66		0.552
# 574	15.69		0.556
# 575	15.72		0.552
# 576	15.75		0.55
# 577	15.77		0.544
# 578	15.8		0.548
# 579	15.83		0.564
# 580	15.86		0.562
# 581	15.88		0.558
# 582	15.91		0.542
# 583	15.94		0.528
# 584	15.96		0.526
# 585	15.99		0.538
# 586	16.02		0.566
# 587	16.05		0.596
# 588	16.07		0.606
# 589	16.1		0.642
# 590	16.13		0.678
# 591	16.16		0.694
# 592	16.19		0.75
# 593	16.22		0.792
# 594	16.24		0.822
# 595	16.27		0.858
# 596	16.3		0.884
# 597	16.33		0.9
# 598	16.35		0.906
# 599	16.38		0.908
# 600	16.41		0.876
# 601	16.43		0.848
# 602	16.46		0.79
# 603	16.49		0.714
# 604	16.52		0.632
# 605	16.55		0.588
# 606	16.57		0.476
# 607	16.6		0.338
# 608	16.63		0.302
# 609	16.66		0.21
# 610	16.69		0.158
# 611	16.71		0.134
