# 番号	時間(秒)	測定値(kgf)
# 1	0.13		0.026
# 2	0.16		0.026
# 3	0.19		0.024
# 4	0.21		0.024
# 5	0.27		0.022
# 6	0.33		0.022
# 7	0.36		0.024
# 8	0.39		0.026
# 9	0.42		0.028
# 10	0.45		0.026
# 11	0.47		0.028
# 12	0.5		0.028
# 13	0.52		0.026
# 14	0.55		0.028
# 15	0.58		0.028
# 16	0.6		0.028
# 17	0.63		0.026
# 18	0.65		0.024
# 19	0.68		0.024
# 20	0.71		0.022
# 21	0.73		0.02
# 22	0.76		0.02
# 23	0.78		0.018
# 24	0.81		0.018
# 25	0.83		0.02
# 26	0.86		0.022
# 27	0.89		0.022
# 28	0.91		0.026
# 29	0.94		0.026
# 30	0.97		0.028
# 31	0.99		0.024
# 32	1.02		0.022
# 33	1.04		0.024
# 34	1.07		0.022
# 35	1.09		0.022
# 36	1.12		0.022
# 37	1.14		0.022
# 38	1.17		0.022
# 39	1.19		0.02
# 40	1.22		0.02
# 41	1.25		0.02
# 42	1.27		0.02
# 43	1.3		0.022
# 44	1.32		0.022
# 45	1.35		0.022
# 46	1.38		0.02
# 47	1.41		0.022
# 48	1.44		0.02
# 49	1.47		0.02
# 50	1.49		0.02
# 51	1.52		0.018
# 52	1.54		0.018
# 53	1.57		0.014
# 54	1.59		0.014
# 55	1.62		0.016
# 56	1.65		0.016
# 57	1.67		0.016
# 58	1.7		0.014
# 59	1.73		0.014
# 60	1.75		0.014
# 61	1.78		0.016
# 62	1.8		0.016
# 63	1.83		0.022
# 64	1.85		0.024
# 65	1.88		0.03
# 66	1.9		0.036
# 67	1.93		0.05
# 68	1.96		0.062
# 69	1.98		0.074
# 70	2.01		0.088
# 71	2.03		0.102
# 72	2.06		0.118
# 73	2.09		0.124
# 74	2.11		0.142
# 75	2.14		0.152
# 76	2.17		0.168
# 77	2.19		0.178
# 78	2.22		0.202
# 79	2.25		0.226
# 80	2.27		0.236
# 81	2.3		0.258
# 82	2.32		0.258
# 83	2.35		0.262
# 84	2.38		0.27
# 85	2.4		0.29
# 86	2.43		0.312
# 87	2.46		0.324
# 88	2.48		0.324
# 89	2.51		0.296
# 90	2.53		0.284
# 91	2.56		0.292
# 92	2.59		0.32
# 93	2.61		0.368
# 94	2.64		0.426
# 95	2.66		0.46
# 96	2.69		0.496
# 97	2.72		0.526
# 98	2.74		0.544
# 99	2.77		0.572
# 100	2.79		0.612
# 101	2.82		0.672
# 102	2.84		0.682
# 103	2.87		0.676
# 104	2.9		0.662
# 105	2.92		0.656
# 106	2.95		0.672
# 107	2.97		0.716
# 108	3		0.752
# 109	3.03		0.766
# 110	3.05		0.824
# 111	3.08		0.88
# 112	3.1		0.952
# 113	3.13		0.98
# 114	3.16		1.032
# 115	3.18		1.08
# 116	3.21		1.102
# 117	3.24		1.142
# 118	3.26		1.178
# 119	3.29		1.216
# 120	3.32		1.234
# 121	3.34		1.278
# 122	3.37		1.318
# 123	3.39		1.336
# 124	3.42		1.362
# 125	3.45		1.394
# 126	3.47		1.432
# 127	3.5		1.448
# 128	3.53		1.482
# 129	3.55		1.506
# 130	3.58		1.51
# 131	3.61		1.508
# 132	3.63		1.504
# 133	3.66		1.504
# 134	3.68		1.504
# 135	3.71		1.512
# 136	3.74		1.52
# 137	3.76		1.528
# 138	3.79		1.54
# 139	3.82		1.564
# 140	3.84		1.574
# 141	3.87		1.586
# 142	3.9		1.606
# 143	3.92		1.614
# 144	3.95		1.632
# 145	3.97		1.64
# 146	4		1.638
# 147	4.03		1.65
# 148	4.05		1.66
# 149	4.08		1.666
# 150	4.1		1.682
# 151	4.13		1.698
# 152	4.16		1.704
# 153	4.18		1.72
# 154	4.21		1.74
# 155	4.23		1.746
# 156	4.26		1.752
# 157	4.29		1.758
# 158	4.31		1.758
# 159	4.35		1.756
# 160	4.37		1.76
# 161	4.4		1.758
# 162	4.42		1.766
# 163	4.45		1.768
# 164	4.48		1.772
# 165	4.5		1.784
# 166	4.53		1.788
# 167	4.56		1.8
# 168	4.58		1.81
# 169	4.61		1.822
# 170	4.64		1.826
# 171	4.67		1.85
# 172	4.7		1.88
# 173	4.72		1.892
# 174	4.75		1.914
# 175	4.78		1.914
# 176	4.81		1.916
# 177	4.83		1.92
# 178	4.86		1.918
# 179	4.89		1.934
# 180	4.91		1.932
# 181	4.94		1.93
# 182	4.97		1.918
# 183	4.99		1.906
184	5.02		1.884
185	5.05		1.882
186	5.07		1.888
187	5.1		1.882
188	5.12		1.9
189	5.15		1.928
190	5.18		1.926
191	5.21		1.906
192	5.23		1.882
193	5.26		1.88
194	5.28		1.878
195	5.31		1.888
196	5.34		1.892
197	5.36		1.892
198	5.39		1.902
199	5.42		1.9
200	5.44		1.894
201	5.47		1.914
202	5.5		1.91
203	5.52		1.904
204	5.55		1.906
205	5.59		1.906
206	5.62		1.914
207	5.64		1.864
208	5.67		1.858
209	5.69		1.874
210	5.72		1.818
211	5.75		1.816
212	5.77		1.86
213	5.8		1.856
214	5.83		1.818
215	5.86		1.83
216	5.88		1.844
217	5.91		1.818
218	5.94		1.822
219	5.97		1.824
220	6		1.854
221	6.02		1.794
222	6.05		1.8
223	6.08		1.82
224	6.1		1.754
225	6.13		1.774
226	6.16		1.816
227	6.19		1.808
228	6.21		1.808
229	6.24		1.84
230	6.27		1.848
231	6.29		1.858
232	6.32		1.848
233	6.35		1.868
234	6.38		1.854
235	6.41		1.814
236	6.44		1.818
237	6.46		1.772
238	6.49		1.738
239	6.52		1.724
240	6.54		1.722
241	6.57		1.744
242	6.6		1.768
243	6.63		1.814
244	6.66		1.81
245	6.68		1.788
246	6.71		1.774
247	6.73		1.76
248	6.76		1.788
249	6.79		1.806
250	6.81		1.832
251	6.84		1.842
252	6.87		1.824
253	6.9		1.804
254	6.92		1.824
255	6.95		1.836
256	6.98		1.854
257	7.01		1.876
258	7.03		1.852
259	7.06		1.852
260	7.08		1.838
261	7.12		1.832
262	7.14		1.86
263	7.17		1.874
264	7.19		1.902
265	7.22		1.92
266	7.25		1.92
267	7.27		1.886
268	7.3		1.906
269	7.33		1.958
270	7.35		1.984
271	7.38		2.034
272	7.41		2.03
273	7.43		2.03
274	7.46		2.034
275	7.48		2.03
276	7.51		2.034
277	7.54		2.038
278	7.56		1.994
279	7.59		1.97
280	7.62		2.008
281	7.65		1.974
282	7.67		1.972
283	7.7		2.006
284	7.73		1.948
285	7.76		1.956
286	7.79		1.958
287	7.82		1.93
288	7.85		1.936
289	7.87		1.94
290	7.9		1.934
291	7.93		1.902
292	7.96		1.958
293	7.98		1.934
294	8.01		1.94
295	8.04		1.956
296	8.06		1.91
297	8.09		1.904
298	8.12		1.882
299	8.14		1.816
300	8.17		1.81
301	8.2		1.788
302	8.22		1.786
303	8.25		1.792
304	8.28		1.8
305	8.3		1.758
306	8.33		1.75
307	8.36		1.746
308	8.39		1.726
309	8.42		1.728
310	8.44		1.648
311	8.47		1.632
312	8.5		1.646
313	8.52		1.634
314	8.55		1.668
315	8.58		1.64
316	8.6		1.652
317	8.63		1.648
318	8.66		1.642
319	8.69		1.688
320	8.72		1.65
321	8.75		1.64
322	8.77		1.662
323	8.8		1.634
324	8.83		1.648
325	8.85		1.65
326	8.88		1.628
327	8.91		1.612
328	8.94		1.616
329	8.97		1.596
330	8.99		1.622
331	9.02		1.618
332	9.04		1.632
333	9.07		1.66
334	9.1		1.644
335	9.13		1.644
336	9.15		1.646
337	9.18		1.656
338	9.21		1.682
339	9.23		1.692
340	9.26		1.684
341	9.29		1.612
342	9.31		1.624
343	9.34		1.602
344	9.37		1.564
345	9.4		1.592
346	9.42		1.57
347	9.45		1.496
348	9.48		1.508
349	9.51		1.512
350	9.54		1.508
351	9.56		1.558
352	9.59		1.57
353	9.62		1.57
354	9.64		1.592
355	9.67		1.604
356	9.7		1.568
357	9.73		1.524
358	9.75		1.464
359	9.78		1.444
360	9.81		1.428
361	9.84		1.464
362	9.86		1.516
363	9.89		1.542
364	9.92		1.578
365	9.95		1.56
366	9.98		1.53
367	10		1.5
368	10.03		1.476
369	10.06		1.468
370	10.08		1.438
371	10.11		1.428
372	10.14		1.44
373	10.17		1.45
374	10.19		1.48
375	10.22		1.5
376	10.25		1.5
377	10.27		1.486
378	10.3		1.476
379	10.33		1.454
380	10.36		1.436
381	10.38		1.394
382	10.41		1.336
383	10.44		1.308
384	10.47		1.28
385	10.49		1.274
386	10.52		1.282
387	10.55		1.292
388	10.58		1.28
389	10.6		1.266
390	10.63		1.266
391	10.66		1.288
392	10.69		1.306
393	10.72		1.31
394	10.74		1.312
395	10.77		1.3
396	10.8		1.284
397	10.83		1.294
398	10.85		1.304
399	10.88		1.312
400	10.91		1.336
401	10.94		1.354
402	10.96		1.364
403	10.99		1.356
404	11.02		1.298
405	11.04		1.2
406	11.07		1.116
407	11.1		1.086
408	11.12		1.02
409	11.15		0.988
410	11.18		0.942
411	11.21		0.904
412	11.24		0.86
413	11.26		0.824
414	11.29		0.848
415	11.32		0.882
416	11.35		0.934
417	11.38		0.936
418	11.4		0.834
419	11.43		0.668
420	11.46		0.542
421	11.48		0.43
422	11.51		0.374
423	11.54		0.34
424	11.57		0.33
425	11.59		0.312
426	11.62		0.302
427	11.65		0.296
428	11.68		0.294
429	11.7		0.308
430	11.73		0.338
431	11.76		0.376
432	11.79		0.52
433	11.83		0.724
434	11.85		0.78
435	11.88		0.86
436	11.91		0.916
437	11.94		0.956
438	11.96		1.086
439	11.99		1.226
440	12.02		1.282
441	12.04		1.312
442	12.07		1.36
443	12.1		1.422
444	12.13		1.444
445	12.16		1.512
446	12.18		1.56
447	12.21		1.57
448	12.24		1.544
449	12.27		1.524
450	12.29		1.534
451	12.32		1.522
452	12.35		1.514
453	12.38		1.48
454	12.41		1.45
455	12.43		1.432
456	12.46		1.544
457	12.49		1.646
458	12.52		1.684
459	12.55		1.736
460	12.57		1.632
461	12.6		1.656
462	12.63		1.708
463	12.65		1.654
464	12.68		1.678
465	12.71		1.688
466	12.74		1.646
467	12.77		1.694
468	12.8		1.684
469	12.83		1.634
470	12.85		1.668
471	12.88		1.678
472	12.91		1.718
473	12.94		1.646
474	12.96		1.62
475	12.99		1.638
476	13.02		1.64
477	13.05		1.692
478	13.08		1.71
479	13.11		1.65
480	13.14		1.662
481	13.16		1.66
482	13.19		1.636
483	13.22		1.65
484	13.25		1.644
485	13.28		1.614
486	13.3		1.6
487	13.33		1.592
488	13.36		1.592
489	13.39		1.666
490	13.41		1.642
491	13.44		1.65
492	13.47		1.672
493	13.5		1.666
494	13.53		1.684
495	13.55		1.644
496	13.58		1.64
497	13.61		1.67
498	13.63		1.67
499	13.66		1.702
500	13.69		1.694
501	13.72		1.674
502	13.75		1.686
503	13.77		1.736
504	13.8		1.756
505	13.83		1.744
506	13.86		1.752
507	13.89		1.74
508	13.92		1.728
509	13.95		1.768
510	13.97		1.764
511	14		1.744
512	14.03		1.756
513	14.06		1.77
514	14.09		1.76
515	14.11		1.756
516	14.14		1.722
517	14.17		1.684
518	14.2		1.686
519	14.23		1.72
520	14.25		1.746
521	14.28		1.728
522	14.31		1.744
523	14.34		1.758
524	14.37		1.778
525	14.39		1.794
526	14.42		1.786
527	14.45		1.784
528	14.48		1.78
529	14.5		1.8
530	14.53		1.782
531	14.56		1.762
532	14.59		1.744
533	14.61		1.732
534	14.64		1.738
535	14.67		1.772
536	14.7		1.828
537	14.73		1.79
538	14.75		1.804
539	14.78		1.788
540	14.81		1.728
541	14.84		1.772
542	14.86		1.808
543	14.89		1.804
544	14.92		1.792
545	14.95		1.796
546	14.98		1.812
547	15.01		1.892
548	15.03		1.904
549	15.06		1.9
550	15.09		1.878
551	15.12		1.836
552	15.15		1.794
553	15.17		1.764
554	15.2		1.724
555	15.23		1.722
556	15.26		1.768
557	15.29		1.76
558	15.31		1.756
559	15.34		1.744
560	15.37		1.74
561	15.4		1.77
562	15.43		1.76
563	15.46		1.73
564	15.49		1.696
565	15.51		1.69
566	15.54		1.722
567	15.57		1.73
568	15.6		1.73
569	15.62		1.712
570	15.65		1.684
571	15.68		1.694
572	15.71		1.716
573	15.74		1.722
574	15.77		1.73
575	15.79		1.726
576	15.82		1.728
577	15.85		1.756
578	15.88		1.774
579	15.91		1.78
580	15.94		1.78
581	15.96		1.772
582	15.99		1.762
583	16.02		1.768
584	16.05		1.766
585	16.08		1.768
586	16.1		1.762
587	16.13		1.764
588	16.16		1.782
589	16.19		1.802
590	16.22		1.796
591	16.25		1.796
592	16.28		1.784
593	16.31		1.774
594	16.34		1.804
595	16.37		1.796
596	16.39		1.782
597	16.42		1.764
598	16.45		1.752
599	16.48		1.776
600	16.51		1.788
601	16.53		1.776
602	16.56		1.774
603	16.59		1.776
604	16.62		1.776
605	16.65		1.762
606	16.67		1.728
607	16.7		1.682
608	16.73		1.672
609	16.76		1.698
610	16.79		1.704
611	16.82		1.706
612	16.84		1.718
613	16.87		1.73
614	16.9		1.762
615	16.93		1.776
616	16.96		1.786
617	16.99		1.792
618	17.02		1.774
619	17.05		1.752
620	17.08		1.728
621	17.1		1.726
622	17.13		1.704
623	17.16		1.694
624	17.19		1.692
625	17.22		1.67
626	17.25		1.674
627	17.28		1.678
628	17.31		1.68
629	17.34		1.686
630	17.37		1.662
631	17.39		1.654
632	17.42		1.63
633	17.46		1.614
634	17.48		1.624
635	17.51		1.62
636	17.54		1.626
637	17.57		1.64
638	17.6		1.664
639	17.63		1.692
640	17.65		1.708
641	17.68		1.728
642	17.71		1.72
643	17.74		1.716
644	17.77		1.712
645	17.79		1.696
646	17.82		1.704
647	17.85		1.718
648	17.88		1.734
649	17.91		1.748
650	17.94		1.746
651	17.97		1.728
652	18		1.7
653	18.03		1.676
654	18.05		1.678
655	18.08		1.662
656	18.11		1.666
657	18.14		1.672
658	18.17		1.652
659	18.2		1.63
660	18.22		1.626
661	18.25		1.628
662	18.28		1.642
663	18.31		1.66
664	18.34		1.674
665	18.37		1.688
666	18.39		1.704
667	18.42		1.704
668	18.45		1.694
669	18.48		1.67
670	18.52		1.65
671	18.55		1.618
672	18.58		1.588
673	18.61		1.564
674	18.64		1.518
675	18.67		1.48
676	18.7		1.47
677	18.73		1.5
678	18.76		1.556
679	18.79		1.57
680	18.82		1.588
681	18.85		1.59
682	18.88		1.588
683	18.92		1.604
684	18.94		1.632
685	18.97		1.652
686	19		1.664
687	19.03		1.664
688	19.06		1.646
689	19.09		1.626
690	19.12		1.592
691	19.15		1.544
692	19.18		1.512
693	19.21		1.462
694	19.24		1.462
695	19.26		1.482
696	19.29		1.532
697	19.32		1.57
698	19.35		1.582
699	19.38		1.58
700	19.41		1.562
701	19.44		1.574
702	19.47		1.588
703	19.5		1.602
704	19.52		1.614
705	19.55		1.622
706	19.58		1.632
707	19.61		1.646
708	19.64		1.654
709	19.67		1.644
710	19.7		1.614
711	19.72		1.606
712	19.75		1.564
713	19.78		1.536
714	19.81		1.526
715	19.84		1.524
716	19.86		1.536
717	19.89		1.546
718	19.92		1.566
719	19.95		1.614
720	19.98		1.648
# 721	20.01		1.65
# 722	20.03		1.65
# 723	20.06		1.616
# 724	20.09		1.598
# 725	20.12		1.57
# 726	20.16		1.526
# 727	20.19		1.472
# 728	20.22		1.388
# 729	20.24		1.326
# 730	20.27		1.29
# 731	20.3		1.266
# 732	20.33		1.21
# 733	20.36		1.106
# 734	20.39		0.996
# 735	20.42		0.838
# 736	20.45		0.706
# 737	20.48		0.638
# 738	20.5		0.548
# 739	20.53		0.482
# 740	20.56		0.464
# 741	20.59		0.446
# 742	20.62		0.45
# 743	20.65		0.452
# 744	20.68		0.442
# 745	20.7		0.404
# 746	20.73		0.352
# 747	20.76		0.33
# 748	20.79		0.286
# 749	20.82		0.26
# 750	20.85		0.254
# 751	20.88		0.232
# 752	20.91		0.216
# 753	20.93		0.206
# 754	20.96		0.184
