# 番号	時間(秒)	測定値(kgf)
# 1	0.13		0
# 2	0.15		0
# 3	0.21		0
# 4	0.24		0
# 5	0.26		0
# 6	0.29		0
# 7	0.31		0
# 8	0.34		0
# 9	0.36		0
# 10	0.39		0
# 11	0.42		0
# 12	0.44		0
# 13	0.47		0
# 14	0.56		0
# 15	0.58		0
# 16	0.62		0
# 17	0.65		0
# 18	0.69		0
# 19	0.71		0
# 20	0.74		0
# 21	0.76		0
# 22	0.79		0
# 23	0.82		0
# 24	0.85		0
# 25	0.87		0
# 26	0.9		0
# 27	0.92		0
# 28	0.95		0
# 29	0.97		0
# 30	1		0
# 31	1.02		0
# 32	1.05		0
# 33	1.08		0
# 34	1.1		0
# 35	1.13		0
# 36	1.15		0
# 37	1.18		0
# 38	1.2		0
# 39	1.23		0
# 40	1.26		0
# 41	1.28		0
# 42	1.31		0
# 43	1.33		0
# 44	1.36		0
# 45	1.39		0
# 46	1.41		0
# 47	1.44		0
# 48	1.46		0
# 49	1.49		0
# 50	1.51		0
# 51	1.54		0
# 52	1.56		0
# 53	1.6		0
# 54	1.62		0
# 55	1.65		0
# 56	1.67		0
# 57	1.7		0
# 58	1.72		0
# 59	1.75		0
# 60	1.77		0
# 61	1.8		0
# 62	1.83		0
# 63	1.85		0
# 64	1.88		0
# 65	1.9		0
# 66	1.93		0
# 67	1.95		0
# 68	1.98		0
# 69	2.01		0
# 70	2.03		0
# 71	2.06		0
# 72	2.09		0
# 73	2.11		0
# 74	2.15		0
# 75	2.17		0
# 76	2.2		0
# 77	2.23		0
# 78	2.25		0
# 79	2.28		0
# 80	2.31		0
# 81	2.33		0
# 82	2.36		0
# 83	2.38		0
# 84	2.41		0
# 85	2.43		0
# 86	2.46		0
# 87	2.49		0
# 88	2.51		0
# 89	2.54		0
# 90	2.56		0
# 91	2.59		0
# 92	2.61		0
# 93	2.64		0
# 94	2.67		0
# 95	2.69		0
# 96	2.72		0
# 97	2.75		0
# 98	2.77		0
# 99	2.8		0
# 100	2.83		0
# 101	2.85		0
# 102	2.88		0
# 103	2.91		0
# 104	2.94		0
# 105	2.96		0
# 106	2.99		0
# 107	3.01		0
# 108	3.04		0
# 109	3.06		0
# 110	3.09		0
# 111	3.11		0
# 112	3.14		0
# 113	3.16		0
# 114	3.19		0
# 115	3.22		0
# 116	3.24		0
# 117	3.27		0
# 118	3.3		0
# 119	3.32		0
# 120	3.35		0
# 121	3.37		0
# 122	3.4		0
# 123	3.42		0
# 124	3.45		0
# 125	3.48		0
# 126	3.5		0
# 127	3.53		0
# 128	3.55		0
# 129	3.58		0
# 130	3.6		0
# 131	3.63		0
# 132	3.66		0
# 133	3.68		0
# 134	3.71		0
# 135	3.73		0
# 136	3.76		0
# 137	3.79		0
# 138	3.81		0
# 139	3.84		0
# 140	3.87		0
# 141	3.89		0
# 142	3.92		0
# 143	3.94		0
# 144	3.97		0
# 145	4		0
# 146	4.02		0
# 147	4.05		0
# 148	4.07		0
# 149	4.1		0
# 150	4.12		0
# 151	4.15		0
# 152	4.18		0
# 153	4.2		0
# 154	4.23		0
# 155	4.25		0
# 156	4.28		0
# 157	4.31		0
# 158	4.34		0
# 159	4.36		0
# 160	4.39		0
# 161	4.42		0
# 162	4.44		0
# 163	4.47		0
# 164	4.49		0
# 165	4.52		0
# 166	4.55		0.018
# 167	4.57		0.034
# 168	4.6		0.042
# 169	4.62		0.056
# 170	4.65		0.072
# 171	4.67		0.09
# 172	4.7		0.096
# 173	4.72		0.116
# 174	4.75		0.134
# 175	4.78		0.148
# 176	4.8		0.148
# 177	4.83		0.15
# 178	4.85		0.142
# 179	4.88		0.138
# 180	4.91		0.136
# 181	4.93		0.14
# 182	4.96		0.15
# 183	4.98		0.154
# 184	5.01		0.156
# 185	5.04		0.164
# 186	5.06		0.174
# 187	5.09		0.186
# 188	5.11		0.198
# 189	5.14		0.208
# 190	5.17		0.214
# 191	5.19		0.216
# 192	5.22		0.232
# 193	5.24		0.268
# 194	5.27		0.28
# 195	5.3		0.31
# 196	5.32		0.334
# 197	5.35		0.338
# 198	5.37		0.344
# 199	5.4		0.374
# 200	5.43		0.42
# 201	5.45		0.452
# 202	5.48		0.516
# 203	5.5		0.57
# 204	5.53		0.612
# 205	5.56		0.658
# 206	5.58		0.708
# 207	5.61		0.764
# 208	5.63		0.778
# 209	5.66		0.806
# 210	5.68		0.828
# 211	5.71		0.856
# 212	5.74		0.874
# 213	5.76		0.926
# 214	5.79		0.986
# 215	5.81		1.02
# 216	5.84		1.066
# 217	5.87		1.108
# 218	5.89		1.14
# 219	5.92		1.156
# 220	5.94		1.202
# 221	5.98		1.246
# 222	6		1.276
223	6.03		1.292
224	6.06		1.302
225	6.08		1.29
226	6.11		1.29
227	6.13		1.298
228	6.16		1.294
229	6.19		1.292
230	6.21		1.296
231	6.24		1.298
232	6.26		1.306
233	6.29		1.32
234	6.32		1.338
235	6.34		1.35
236	6.37		1.356
237	6.39		1.358
238	6.42		1.358
239	6.44		1.36
240	6.47		1.358
241	6.5		1.362
242	6.52		1.366
243	6.55		1.384
244	6.58		1.388
245	6.6		1.404
246	6.63		1.428
247	6.66		1.438
248	6.68		1.444
249	6.71		1.452
250	6.73		1.458
251	6.76		1.46
252	6.78		1.456
253	6.81		1.454
254	6.84		1.452
255	6.86		1.446
256	6.89		1.446
257	6.91		1.444
258	6.94		1.436
259	6.97		1.442
260	6.99		1.452
261	7.02		1.45
262	7.05		1.452
263	7.08		1.458
264	7.1		1.462
265	7.13		1.462
266	7.16		1.456
267	7.18		1.444
268	7.21		1.416
269	7.23		1.408
270	7.26		1.388
271	7.29		1.356
272	7.32		1.342
273	7.34		1.334
274	7.37		1.33
275	7.39		1.338
276	7.42		1.34
277	7.45		1.352
278	7.47		1.35
279	7.5		1.366
280	7.53		1.376
281	7.55		1.392
282	7.58		1.412
283	7.61		1.418
284	7.63		1.414
285	7.66		1.4
286	7.69		1.386
287	7.71		1.376
288	7.74		1.35
289	7.77		1.33
290	7.79		1.32
291	7.82		1.3
292	7.85		1.292
293	7.88		1.288
294	7.91		1.3
295	7.93		1.32
296	7.96		1.318
297	7.99		1.314
298	8.01		1.304
299	8.04		1.278
300	8.06		1.274
301	8.09		1.286
302	8.12		1.278
303	8.14		1.25
304	8.17		1.25
305	8.2		1.234
306	8.23		1.212
307	8.25		1.222
308	8.28		1.222
309	8.3		1.192
310	8.33		1.188
311	8.36		1.192
312	8.38		1.204
313	8.41		1.238
314	8.44		1.256
315	8.46		1.254
316	8.49		1.224
317	8.52		1.182
318	8.54		1.174
319	8.57		1.164
320	8.59		1.154
321	8.63		1.14
322	8.65		1.13
323	8.68		1.118
324	8.71		1.12
325	8.73		1.122
326	8.76		1.122
327	8.79		1.116
328	8.81		1.12
329	8.84		1.124
330	8.87		1.13
331	8.89		1.134
332	8.92		1.134
333	8.95		1.134
334	8.97		1.132
335	9		1.13
336	9.02		1.132
337	9.05		1.136
338	9.08		1.13
339	9.1		1.126
340	9.13		1.124
341	9.15		1.114
342	9.19		1.118
343	9.21		1.12
344	9.24		1.128
345	9.27		1.144
346	9.29		1.146
347	9.32		1.166
348	9.38		1.178
349	9.4		1.188
350	9.43		1.192
351	9.46		1.208
352	9.48		1.204
353	9.51		1.214
354	9.54		1.222
355	9.56		1.216
356	9.59		1.216
357	9.62		1.21
358	9.64		1.202
359	9.67		1.202
360	9.7		1.206
361	9.72		1.198
362	9.75		1.196
363	9.78		1.19
364	9.8		1.174
365	9.83		1.176
366	9.86		1.166
367	9.89		1.142
368	9.91		1.142
369	9.94		1.134
370	9.97		1.136
371	9.99		1.146
372	10.02		1.142
373	10.04		1.138
374	10.07		1.14
375	10.1		1.148
376	10.13		1.156
377	10.15		1.16
378	10.18		1.154
379	10.21		1.136
380	10.24		1.13
381	10.26		1.118
382	10.29		1.11
383	10.32		1.106
384	10.34		1.11
385	10.37		1.104
386	10.4		1.106
387	10.43		1.112
388	10.45		1.094
389	10.48		1.074
390	10.51		1.074
391	10.53		1.086
392	10.56		1.11
393	10.59		1.116
394	10.61		1.144
395	10.64		1.142
396	10.66		1.148
397	10.69		1.156
398	10.72		1.156
399	10.74		1.144
400	10.77		1.134
401	10.8		1.128
402	10.82		1.126
403	10.85		1.128
404	10.88		1.12
405	10.9		1.12
406	10.93		1.114
407	10.96		1.116
408	10.99		1.114
409	11.02		1.102
410	11.04		1.094
411	11.07		1.094
412	11.1		1.098
413	11.12		1.1
414	11.15		1.098
415	11.18		1.094
416	11.21		1.088
417	11.23		1.082
418	11.26		1.08
419	11.29		1.096
420	11.32		1.098
421	11.34		1.092
422	11.37		1.088
423	11.4		1.074
424	11.42		1.074
425	11.45		1.07
426	11.48		1.066
427	11.5		1.06
428	11.53		1.038
429	11.56		1.038
430	11.59		1.032
431	11.62		1.024
432	11.64		1.028
433	11.67		1.03
434	11.69		1.024
435	11.72		1.024
436	11.75		1.026
437	11.78		1.028
438	11.8		1.042
439	11.83		1.048
440	11.86		1.062
441	11.88		1.082
442	11.91		1.096
443	11.94		1.11
444	11.96		1.122
445	11.99		1.128
446	12.02		1.13
447	12.04		1.13
448	12.07		1.13
449	12.1		1.128
450	12.12		1.13
451	12.15		1.138
452	12.18		1.132
453	12.2		1.132
454	12.23		1.138
455	12.26		1.108
456	12.29		1.07
457	12.32		1.054
458	12.34		1.032
459	12.37		1.03
460	12.4		1.044
461	12.42		1.052
462	12.45		1.07
463	12.48		1.086
464	12.5		1.124
465	12.53		1.146
466	12.55		1.156
467	12.58		1.156
468	12.61		1.15
469	12.64		1.144
470	12.66		1.14
471	12.69		1.132
472	12.72		1.116
473	12.75		1.094
474	12.78		1.098
475	12.8		1.112
476	12.83		1.13
477	12.86		1.148
478	12.88		1.192
479	12.91		1.212
480	12.94		1.246
481	12.97		1.264
482	13		1.264
483	13.02		1.262
484	13.05		1.262
485	13.08		1.256
486	13.1		1.256
487	13.13		1.264
488	13.16		1.276
489	13.19		1.294
490	13.21		1.32
491	13.24		1.328
492	13.27		1.336
493	13.29		1.338
494	13.33		1.33
495	13.35		1.316
496	13.38		1.302
497	13.41		1.278
498	13.43		1.27
499	13.46		1.244
500	13.49		1.222
501	13.52		1.218
502	13.54		1.216
503	13.57		1.226
504	13.6		1.244
505	13.62		1.252
506	13.65		1.274
507	13.68		1.288
508	13.7		1.29
509	13.73		1.3
510	13.76		1.29
511	13.79		1.294
512	13.81		1.298
513	13.84		1.28
514	13.87		1.276
515	13.89		1.272
516	13.92		1.272
517	13.95		1.27
518	13.98		1.284
519	14		1.298
520	14.03		1.3
521	14.06		1.316
522	14.08		1.31
523	14.11		1.312
524	14.14		1.296
525	14.17		1.294
526	14.19		1.268
527	14.22		1.254
528	14.25		1.256
529	14.28		1.242
530	14.31		1.266
531	14.34		1.256
532	14.36		1.26
533	14.39		1.286
534	14.42		1.274
535	14.44		1.27
536	14.47		1.266
537	14.5		1.256
538	14.52		1.26
539	14.55		1.268
540	14.58		1.286
541	14.61		1.302
542	14.63		1.302
543	14.66		1.304
544	14.69		1.296
545	14.72		1.276
546	14.74		1.278
547	14.77		1.278
548	14.8		1.276
549	14.83		1.278
550	14.86		1.268
551	14.88		1.276
552	14.91		1.29
553	14.94		1.288
554	14.97		1.31
555	14.99		1.314
556	15.02		1.304
557	15.05		1.312
558	15.07		1.322
559	15.1		1.32
560	15.13		1.322
561	15.15		1.334
562	15.18		1.33
563	15.21		1.32
564	15.24		1.318
565	15.26		1.32
566	15.29		1.31
567	15.32		1.3
568	15.35		1.276
569	15.37		1.248
570	15.41		1.244
571	15.43		1.24
572	15.46		1.238
573	15.49		1.24
574	15.51		1.27
575	15.54		1.268
576	15.57		1.276
577	15.6		1.282
578	15.62		1.266
579	15.65		1.256
580	15.68		1.242
581	15.7		1.22
582	15.73		1.196
583	15.76		1.166
584	15.79		1.16
585	15.81		1.146
586	15.84		1.14
587	15.87		1.148
588	15.89		1.14
589	15.92		1.134
590	15.95		1.13
591	15.98		1.132
592	16.01		1.132
593	16.03		1.13
594	16.06		1.132
595	16.09		1.128
596	16.12		1.134
597	16.14		1.15
598	16.17		1.19
599	16.2		1.212
600	16.22		1.234
601	16.25		1.26
602	16.28		1.26
603	16.31		1.274
604	16.33		1.276
605	16.36		1.264
606	16.39		1.272
607	16.42		1.272
608	16.44		1.278
609	16.47		1.288
610	16.5		1.298
611	16.53		1.3
612	16.56		1.288
613	16.59		1.28
614	16.62		1.274
615	16.64		1.25
616	16.67		1.244
617	16.7		1.234
618	16.72		1.212
619	16.75		1.214
620	16.78		1.214
621	16.81		1.226
622	16.83		1.256
623	16.86		1.272
624	16.89		1.284
625	16.92		1.3
626	16.94		1.31
627	16.97		1.316
628	17		1.32
629	17.03		1.3
630	17.05		1.284
631	17.08		1.284
632	17.11		1.272
633	17.14		1.274
634	17.16		1.282
635	17.19		1.29
636	17.22		1.286
637	17.24		1.292
638	17.27		1.288
639	17.3		1.268
640	17.33		1.264
641	17.36		1.264
642	17.39		1.258
643	17.41		1.264
644	17.44		1.276
645	17.47		1.276
646	17.5		1.272
647	17.53		1.284
648	17.55		1.268
# 649	17.58		1.2
# 650	17.61		0.84
# 651	17.64		0.644
# 652	17.67		0.294
# 653	17.69		0.032
