# 番号	時間(秒)	測定値(kgf)
# 1	0.14		0
# 2	0.19		0
# 3	0.24		0
# 4	0.26		0
# 5	0.29		0
# 6	0.31		0
# 7	0.34		0
# 8	0.4		0
# 9	0.46		0
# 10	0.48		0
# 11	0.51		0
# 12	0.54		0.01
# 13	0.56		0
# 14	0.59		0
# 15	0.61		0
# 16	0.64		0
# 17	0.67		0
# 18	0.7		0
# 19	0.72		0
# 20	0.75		0
# 21	0.77		0
# 22	0.8		0
# 23	0.83		0
# 24	0.85		0
# 25	0.88		0
# 26	0.9		0
# 27	0.93		0
# 28	0.96		0
# 29	0.98		0
# 30	1.01		0
# 31	1.03		0
# 32	1.06		0
# 33	1.08		0
# 34	1.11		0
# 35	1.13		0
# 36	1.16		0
# 37	1.18		0
# 38	1.21		0
# 39	1.24		0
# 40	1.26		0
# 41	1.29		0
# 42	1.31		0
# 43	1.34		0
# 44	1.37		0
# 45	1.39		0
# 46	1.42		0
# 47	1.44		0
# 48	1.47		0
# 49	1.5		0
# 50	1.52		0
# 51	1.55		0
# 52	1.57		0
# 53	1.6		0
# 54	1.63		0
# 55	1.65		0
# 56	1.68		0
# 57	1.7		0
# 58	1.73		0
# 59	1.76		0
# 60	1.78		0
# 61	1.81		0
# 62	1.84		0
# 63	1.86		0
# 64	1.89		0
# 65	1.91		0
# 66	1.94		0
# 67	1.96		0
# 68	1.99		0
# 69	2.02		0
# 70	2.05		0
# 71	2.08		0
# 72	2.1		0
# 73	2.13		0
# 74	2.16		0
# 75	2.18		0
# 76	2.21		0
# 77	2.23		0
# 78	2.26		0
# 79	2.28		0
# 80	2.31		0
# 81	2.33		0
# 82	2.36		0
# 83	2.39		0
# 84	2.41		0
# 85	2.44		0
# 86	2.46		0
# 87	2.49		0
# 88	2.52		0
# 89	2.54		0
# 90	2.57		0
# 91	2.6		0
# 92	2.62		0
# 93	2.65		0
# 94	2.67		0
# 95	2.7		0
# 96	2.72		0
# 97	2.75		0
# 98	2.78		0
# 99	2.8		0
# 100	2.83		0
# 101	2.86		0
# 102	2.88		0
# 103	2.91		0
# 104	2.93		0
# 105	2.96		0
# 106	2.98		0
# 107	3.01		0
# 108	3.03		0
# 109	3.06		0
# 110	3.08		0
# 111	3.11		0
# 112	3.14		0
# 113	3.17		0.02
# 114	3.19		0.024
# 115	3.22		0.034
# 116	3.24		0.044
# 117	3.27		0.048
# 118	3.3		0.054
# 119	3.33		0.066
# 120	3.35		0.078
# 121	3.38		0.084
# 122	3.41		0.088
# 123	3.43		0.08
# 124	3.46		0.07
# 125	3.48		0.06
# 126	3.51		0.046
# 127	3.54		0.042
# 128	3.56		0.042
# 129	3.59		0.046
# 130	3.61		0.054
# 131	3.64		0.06
# 132	3.66		0.062
# 133	3.69		0.068
# 134	3.72		0.072
# 135	3.75		0.072
# 136	3.77		0.078
# 137	3.8		0.078
# 138	3.83		0.078
# 139	3.86		0.08
# 140	3.88		0.082
# 141	3.91		0.086
# 142	3.94		0.09
# 143	3.96		0.098
# 144	3.99		0.102
# 145	4.01		0.106
# 146	4.04		0.108
# 147	4.06		0.112
# 148	4.09		0.118
# 149	4.13		0.12
# 150	4.16		0.126
# 151	4.18		0.132
# 152	4.21		0.138
# 153	4.24		0.142
# 154	4.27		0.146
# 155	4.29		0.146
# 156	4.32		0.148
# 157	4.34		0.142
# 158	4.37		0.148
# 159	4.4		0.178
# 160	4.42		0.206
# 161	4.45		0.258
# 162	4.48		0.314
# 163	4.5		0.336
# 164	4.53		0.37
# 165	4.55		0.402
# 166	4.58		0.426
# 167	4.6		0.442
# 168	4.63		0.466
# 169	4.65		0.488
# 170	4.68		0.51
# 171	4.71		0.524
# 172	4.73		0.544
# 173	4.76		0.574
# 174	4.79		0.588
# 175	4.81		0.626
# 176	4.84		0.674
# 177	4.87		0.706
# 178	4.9		0.742
# 179	4.93		0.774
# 180	4.95		0.802
# 181	4.98		0.812
# 182	5.01		0.812
# 183	5.03		0.814
# 184	5.06		0.82
# 185	5.09		0.84
# 186	5.11		0.874
# 187	5.14		0.902
# 188	5.16		0.918
# 189	5.19		0.952
# 190	5.21		0.976
# 191	5.24		0.994
# 192	5.27		1.004
# 193	5.29		1.022
# 194	5.32		1.046
# 195	5.35		1.058
# 196	5.38		1.098
# 197	5.41		1.154
# 198	5.44		1.188
# 199	5.46		1.218
# 200	5.49		1.252
# 201	5.52		1.286
# 202	5.54		1.298
# 203	5.57		1.33
# 204	5.59		1.374
# 205	5.62		1.39
# 206	5.65		1.402
# 207	5.68		1.418
# 208	5.7		1.422
# 209	5.73		1.428
# 210	5.76		1.452
# 211	5.8		1.486
# 212	5.82		1.526
# 213	5.85		1.572
# 214	5.88		1.604
# 215	5.9		1.632
# 216	5.94		1.654
# 217	5.97		1.676
# 218	5.99		1.69
# 219	6.02		1.694
# 220	6.05		1.696
# 221	6.07		1.712
# 222	6.1		1.724
223	6.13		1.774
224	6.15		1.836
225	6.18		1.896
226	6.21		1.932
227	6.23		1.956
228	6.26		1.966
229	6.29		1.962
230	6.31		1.962
231	6.34		1.954
232	6.37		1.938
233	6.39		1.934
234	6.42		1.92
235	6.45		1.904
236	6.47		1.896
237	6.5		1.88
238	6.53		1.858
239	6.55		1.842
240	6.58		1.836
241	6.61		1.8
242	6.64		1.758
243	6.67		1.738
244	6.7		1.728
245	6.72		1.742
246	6.75		1.754
247	6.78		1.772
248	6.8		1.796
249	6.83		1.8
250	6.85		1.8
251	6.88		1.802
252	6.91		1.798
253	6.93		1.794
254	6.96		1.79
255	6.99		1.772
256	7.01		1.752
257	7.04		1.75
258	7.07		1.746
259	7.09		1.75
260	7.12		1.762
261	7.15		1.782
262	7.18		1.788
263	7.2		1.814
264	7.23		1.818
265	7.25		1.818
266	7.28		1.8
267	7.31		1.784
268	7.33		1.768
269	7.36		1.748
270	7.39		1.734
271	7.41		1.732
272	7.44		1.734
273	7.46		1.742
274	7.49		1.756
275	7.52		1.756
276	7.55		1.758
277	7.57		1.76
278	7.6		1.754
279	7.63		1.716
280	7.65		1.69
281	7.68		1.632
282	7.71		1.58
283	7.74		1.544
284	7.76		1.532
285	7.79		1.528
286	7.82		1.564
287	7.84		1.612
288	7.87		1.632
289	7.89		1.664
290	7.92		1.714
291	7.95		1.73
292	7.97		1.74
293	8		1.76
294	8.03		1.762
295	8.05		1.78
296	8.08		1.78
297	8.11		1.782
298	8.13		1.792
299	8.16		1.79
300	8.19		1.796
301	8.22		1.814
302	8.25		1.806
303	8.27		1.798
304	8.3		1.78
305	8.33		1.75
306	8.35		1.748
307	8.38		1.758
308	8.41		1.752
309	8.44		1.762
310	8.46		1.768
311	8.49		1.76
312	8.51		1.782
313	8.54		1.79
314	8.57		1.786
315	8.59		1.802
316	8.62		1.796
317	8.65		1.772
318	8.67		1.764
319	8.7		1.76
320	8.73		1.756
321	8.75		1.768
322	8.78		1.788
323	8.81		1.79
324	8.83		1.796
325	8.86		1.81
326	8.88		1.798
327	8.91		1.792
328	8.94		1.776
329	8.97		1.754
330	8.99		1.74
331	9.02		1.738
332	9.05		1.734
333	9.08		1.744
334	9.1		1.752
335	9.13		1.76
336	9.16		1.772
337	9.19		1.774
338	9.21		1.754
339	9.24		1.74
340	9.27		1.728
341	9.29		1.716
342	9.32		1.712
343	9.35		1.702
344	9.37		1.696
345	9.4		1.684
346	9.43		1.688
347	9.45		1.694
348	9.48		1.696
349	9.51		1.698
350	9.54		1.684
351	9.56		1.676
352	9.59		1.668
353	9.61		1.662
354	9.64		1.66
355	9.67		1.658
356	9.69		1.654
357	9.72		1.648
358	9.75		1.64
359	9.78		1.634
360	9.81		1.616
361	9.83		1.578
362	9.86		1.568
363	9.89		1.546
364	9.93		1.534
365	9.95		1.534
366	9.98		1.532
367	10.01		1.54
368	10.04		1.538
369	10.07		1.55
370	10.09		1.56
371	10.13		1.548
372	10.15		1.536
373	10.18		1.526
374	10.21		1.512
375	10.24		1.502
376	10.26		1.482
377	10.29		1.458
378	10.32		1.444
379	10.35		1.416
380	10.38		1.398
381	10.4		1.404
382	10.43		1.414
383	10.46		1.444
384	10.49		1.47
385	10.51		1.47
386	10.54		1.47
387	10.57		1.464
388	10.59		1.47
389	10.62		1.468
390	10.65		1.44
391	10.67		1.424
392	10.7		1.406
393	10.73		1.364
394	10.76		1.346
395	10.78		1.336
396	10.81		1.306
397	10.84		1.3
398	10.86		1.318
399	10.89		1.328
400	10.92		1.39
401	10.95		1.438
402	10.98		1.446
403	11		1.458
404	11.03		1.468
405	11.06		1.472
406	11.08		1.49
407	11.11		1.528
408	11.14		1.524
409	11.17		1.524
410	11.19		1.53
411	11.22		1.51
412	11.25		1.502
413	11.27		1.476
414	11.3		1.436
415	11.33		1.428
416	11.35		1.426
417	11.38		1.44
418	11.41		1.454
419	11.43		1.46
420	11.46		1.452
421	11.49		1.422
422	11.52		1.386
423	11.54		1.36
424	11.57		1.318
425	11.6		1.324
426	11.63		1.326
427	11.65		1.352
428	11.68		1.4
429	11.71		1.398
430	11.74		1.414
431	11.77		1.448
432	11.79		1.494
433	11.82		1.514
434	11.85		1.56
435	11.88		1.58
436	11.9		1.578
437	11.93		1.558
438	11.96		1.516
439	11.99		1.44
440	12.01		1.406
441	12.04		1.336
442	12.07		1.29
443	12.1		1.288
444	12.12		1.298
445	12.15		1.318
446	12.18		1.354
447	12.21		1.37
448	12.24		1.41
449	12.26		1.448
450	12.29		1.456
451	12.32		1.46
452	12.34		1.468
453	12.37		1.466
454	12.4		1.46
455	12.43		1.462
456	12.45		1.466
457	12.48		1.462
458	12.51		1.458
459	12.53		1.45
460	12.57		1.436
461	12.59		1.402
462	12.62		1.378
463	12.65		1.364
464	12.68		1.372
465	12.71		1.39
466	12.73		1.4
467	12.76		1.404
468	12.79		1.412
469	12.82		1.414
470	12.84		1.424
471	12.87		1.428
472	12.9		1.43
473	12.93		1.44
474	12.95		1.448
475	12.98		1.45
476	13.01		1.462
477	13.03		1.47
478	13.06		1.478
479	13.09		1.49
480	13.12		1.5
481	13.15		1.492
482	13.17		1.49
483	13.2		1.488
484	13.23		1.484
485	13.26		1.49
486	13.29		1.508
487	13.31		1.512
488	13.34		1.518
489	13.37		1.512
490	13.39		1.49
491	13.42		1.48
492	13.45		1.478
493	13.48		1.486
494	13.5		1.492
495	13.53		1.508
496	13.56		1.528
497	13.59		1.522
498	13.61		1.522
499	13.64		1.518
500	13.67		1.498
501	13.7		1.492
502	13.73		1.42
503	13.75		1.324
504	13.78		1.27
505	13.81		1.208
506	13.84		1.192
507	13.86		1.19
508	13.89		1.184
509	13.92		1.176
510	13.94		1.19
511	13.97		1.21
512	14		1.26
513	14.03		1.312
514	14.06		1.352
515	14.09		1.37
516	14.12		1.388
517	14.15		1.384
518	14.18		1.378
519	14.2		1.374
520	14.23		1.382
521	14.26		1.392
522	14.29		1.41
523	14.32		1.408
524	14.35		1.402
525	14.38		1.396
526	14.4		1.404
527	14.43		1.418
528	14.46		1.422
529	14.49		1.406
530	14.51		1.372
531	14.54		1.35
532	14.57		1.286
533	14.6		1.26
534	14.63		1.244
535	14.65		1.23
536	14.68		1.25
537	14.72		1.226
538	14.74		1.25
539	14.78		1.262
540	14.81		1.314
541	14.83		1.356
542	14.86		1.376
543	14.89		1.408
544	14.92		1.42
545	14.95		1.416
546	14.98		1.42
547	15		1.418
548	15.03		1.396
549	15.06		1.374
550	15.09		1.35
551	15.12		1.332
552	15.14		1.318
553	15.17		1.312
554	15.2		1.316
555	15.23		1.328
556	15.25		1.332
557	15.28		1.34
558	15.31		1.338
559	15.34		1.342
560	15.37		1.362
561	15.4		1.368
562	15.44		1.382
563	15.47		1.392
564	15.49		1.39
565	15.52		1.396
566	15.55		1.414
567	15.58		1.414
568	15.6		1.424
569	15.63		1.428
570	15.66		1.424
571	15.69		1.41
572	15.72		1.398
573	15.74		1.394
574	15.77		1.388
575	15.8		1.378
576	15.83		1.374
577	15.86		1.374
578	15.89		1.382
579	15.91		1.388
580	15.94		1.388
581	15.97		1.38
582	15.99		1.382
583	16.02		1.392
584	16.05		1.392
585	16.08		1.4
586	16.11		1.41
587	16.13		1.41
588	16.16		1.424
589	16.19		1.43
590	16.22		1.426
591	16.24		1.41
592	16.27		1.396
593	16.3		1.38
594	16.33		1.372
595	16.35		1.366
596	16.39		1.356
597	16.42		1.366
598	16.45		1.41
599	16.48		1.456
600	16.51		1.47
601	16.53		1.502
602	16.56		1.524
603	16.59		1.536
604	16.62		1.526
605	16.65		1.514
606	16.67		1.506
607	16.7		1.498
608	16.73		1.496
609	16.76		1.482
610	16.78		1.476
611	16.81		1.482
612	16.84		1.518
613	16.87		1.534
614	16.9		1.554
615	16.93		1.564
616	16.96		1.562
617	16.99		1.552
618	17.02		1.542
619	17.04		1.554
620	17.07		1.556
621	17.1		1.584
622	17.13		1.512
623	17.16		1.476
624	17.19		1.464
625	17.21		1.478
626	17.24		1.552
627	17.27		1.554
628	17.3		1.566
629	17.33		1.59
630	17.35		1.584
631	17.38		1.638
632	17.41		1.686
633	17.44		1.66
634	17.47		1.696
635	17.5		1.67
636	17.53		1.654
637	17.56		1.66
638	17.59		1.646
639	17.61		1.674
640	17.64		1.666
641	17.67		1.688
642	17.7		1.632
643	17.72		1.608
644	17.75		1.638
645	17.78		1.582
646	17.81		1.618
647	17.83		1.65
648	17.86		1.63
649	17.89		1.692
650	17.92		1.688
651	17.95		1.686
652	17.97		1.712
653	18		1.716
654	18.03		1.7
655	18.06		1.684
656	18.09		1.638
657	18.12		1.628
658	18.15		1.576
659	18.18		1.536
660	18.2		1.526
661	18.23		1.512
662	18.26		1.518
663	18.29		1.516
664	18.32		1.496
665	18.35		1.476
666	18.37		1.466
667	18.4		1.458
668	18.43		1.46
669	18.46		1.484
670	18.49		1.492
671	18.52		1.516
672	18.54		1.54
673	18.57		1.538
674	18.6		1.54
675	18.63		1.536
676	18.66		1.514
677	18.69		1.496
678	18.72		1.466
679	18.74		1.44
680	18.77		1.436
681	18.8		1.428
682	18.83		1.432
683	18.86		1.442
684	18.89		1.46
685	18.91		1.476
686	18.94		1.486
687	18.97		1.492
688	19		1.504
689	19.03		1.532
690	19.06		1.546
691	19.09		1.574
692	19.11		1.61
693	19.14		1.61
694	19.17		1.624
695	19.2		1.65
696	19.23		1.652
697	19.26		1.678
698	19.3		1.68
699	19.33		1.69
700	19.36		1.678
701	19.39		1.684
702	19.42		1.692
703	19.46		1.698
704	19.49		1.714
705	19.52		1.72
706	19.55		1.726
707	19.58		1.728
708	19.6		1.73
709	19.63		1.702
710	19.66		1.67
711	19.69		1.662
712	19.72		1.654
713	19.75		1.66
714	19.78		1.674
715	19.81		1.688
716	19.84		1.698
717	19.86		1.724
718	19.89		1.732
719	19.92		1.72
720	19.95		1.706
721	19.98		1.688
722	20.01		1.66
723	20.03		1.652
724	20.06		1.65
725	20.09		1.664
726	20.12		1.684
727	20.14		1.704
728	20.17		1.706
729	20.2		1.704
730	20.23		1.692
731	20.26		1.682
732	20.29		1.658
733	20.32		1.646
734	20.35		1.638
735	20.37		1.636
736	20.4		1.644
737	20.43		1.66
738	20.47		1.67
739	20.5		1.684
740	20.53		1.672
741	20.56		1.66
742	20.59		1.642
743	20.62		1.632
744	20.65		1.626
745	20.68		1.622
746	20.71		1.616
747	20.74		1.616
748	20.76		1.624
749	20.79		1.622
750	20.82		1.618
751	20.85		1.604
752	20.88		1.594
753	20.91		1.592
754	20.94		1.608
755	20.97		1.64
756	20.99		1.664
757	21.02		1.672
758	21.05		1.686
759	21.08		1.69
760	21.11		1.694
761	21.14		1.708
762	21.17		1.72
763	21.19		1.724
764	21.22		1.712
765	21.25		1.696
766	21.28		1.684
767	21.31		1.676
768	21.34		1.672
769	21.37		1.682
770	21.39		1.686
771	21.42		1.71
772	21.46		1.73
773	21.48		1.734
774	21.52		1.738
775	21.55		1.744
776	21.58		1.744
777	21.6		1.742
778	21.63		1.738
779	21.66		1.732
780	21.69		1.716
781	21.72		1.71
782	21.75		1.704
783	21.78		1.708
784	21.81		1.728
785	21.84		1.742
786	21.86		1.746
787	21.89		1.748
788	21.92		1.742
789	21.95		1.736
790	21.98		1.722
791	22.01		1.704
792	22.04		1.698
793	22.06		1.696
794	22.09		1.7
795	22.12		1.702
796	22.15		1.702
797	22.18		1.702
798	22.21		1.692
799	22.24		1.69
800	22.26		1.694
801	22.29		1.702
802	22.32		1.714
803	22.35		1.728
804	22.38		1.74
805	22.4		1.746
806	22.43		1.75
807	22.46		1.744
808	22.49		1.732
809	22.52		1.734
810	22.55		1.728
811	22.58		1.728
812	22.61		1.73
813	22.64		1.738
814	22.67		1.74
815	22.7		1.752
816	22.73		1.768
817	22.76		1.768
818	22.79		1.774
819	22.82		1.784
820	22.85		1.79
821	22.88		1.802
822	22.9		1.81
823	22.93		1.814
824	22.96		1.816
825	22.99		1.812
826	23.02		1.8
827	23.05		1.772
828	23.08		1.766
829	23.11		1.764
830	23.14		1.75
831	23.16		1.752
832	23.19		1.752
833	23.22		1.75
834	23.25		1.758
835	23.28		1.762
836	23.31		1.764
837	23.34		1.764
838	23.37		1.754
839	23.4		1.736
840	23.43		1.718
841	23.46		1.71
842	23.48		1.704
843	23.51		1.72
844	23.54		1.728
845	23.57		1.754
846	23.6		1.778
847	23.63		1.786
848	23.66		1.8
849	23.69		1.802
850	23.73		1.8
851	23.76		1.792
852	23.78		1.776
853	23.81		1.772
854	23.84		1.778
855	23.87		1.786
856	23.9		1.804
857	23.93		1.814
858	23.96		1.816
859	23.99		1.826
860	24.02		1.834
861	24.05		1.844
862	24.08		1.858
863	24.11		1.876
864	24.14		1.898
865	24.17		1.926
866	24.2		1.936
867	24.23		1.938
868	24.26		1.92
869	24.29		1.908
870	24.32		1.888
871	24.35		1.876
872	24.38		1.886
873	24.41		1.894
874	24.44		1.906
875	24.47		1.916
876	24.5		1.91
877	24.52		1.906
878	24.55		1.894
879	24.58		1.876
880	24.61		1.854
881	24.64		1.836
882	24.67		1.822
883	24.7		1.8
884	24.73		1.798
885	24.76		1.792
886	24.8		1.788
887	24.83		1.774
888	24.86		1.768
889	24.89		1.754
890	24.91		1.74
891	24.94		1.734
892	24.97		1.716
# 893	25		1.698
# 894	25.03		1.678
# 895	25.06		1.67
# 896	25.09		1.66
# 897	25.11		1.654
# 898	25.14		1.648
# 899	25.17		1.638
# 900	25.2		1.634
# 901	25.23		1.642
# 902	25.26		1.662
# 903	25.29		1.686
# 904	25.32		1.7
# 905	25.35		1.722
# 906	25.38		1.75
# 907	25.41		1.762
# 908	25.44		1.774
# 909	25.46		1.792
# 910	25.49		1.8
# 911	25.52		1.802
# 912	25.55		1.798
# 913	25.58		1.782
# 914	25.61		1.772
# 915	25.64		1.76
# 916	25.66		1.746
# 917	25.69		1.734
# 918	25.72		1.706
# 919	25.75		1.682
# 920	25.78		1.668
# 921	25.81		1.664
# 922	25.84		1.684
# 923	25.87		1.714
# 924	25.9		1.73
# 925	25.93		1.748
# 926	25.96		1.746
# 927	25.99		1.74
# 928	26.02		1.734
# 929	26.05		1.728
# 930	26.08		1.728
# 931	26.11		1.728
# 932	26.14		1.734
# 933	26.17		1.738
# 934	26.19		1.738
# 935	26.22		1.736
# 936	26.25		1.732
# 937	26.28		1.724
# 938	26.31		1.702
# 939	26.34		1.688
# 940	26.37		1.688
# 941	26.4		1.682
# 942	26.43		1.658
# 943	26.46		1.634
# 944	26.49		1.578
# 945	26.52		1.496
# 946	26.55		1.438
# 947	26.58		1.332
# 948	26.61		1.24
# 949	26.64		1.19
# 950	26.67		1.124
# 951	26.7		1.074
# 952	26.73		1.062
# 953	26.75		1.058
# 954	26.78		1.062
# 955	26.81		1.062
# 956	26.84		1.064
# 957	26.88		1.064
# 958	26.91		1.056
# 959	26.93		1.046
# 960	26.97		1.046
# 961	27		1.072
# 962	27.03		1.092
# 963	27.06		1.136
# 964	27.08		1.156
# 965	27.11		1.152
# 966	27.14		1.148
# 967	27.17		1.158
# 968	27.2		1.174
# 969	27.23		1.222
# 970	27.26		1.302
# 971	27.29		1.342
# 972	27.32		1.416
# 973	27.35		1.496
# 974	27.38		1.512
# 975	27.41		1.524
# 976	27.44		1.5
# 977	27.47		1.458
# 978	27.5		1.408
# 979	27.53		1.352
# 980	27.56		1.316
# 981	27.59		1.314
# 982	27.62		1.328
# 983	27.66		1.344
# 984	27.69		1.364
# 985	27.72		1.368
# 986	27.75		1.344
# 987	27.77		1.322
# 988	27.8		1.274
# 989	27.83		1.224
# 990	27.86		1.206
# 991	27.89		1.194
# 992	27.93		1.192
# 993	27.95		1.182
# 994	27.98		1.154
# 995	28.01		1.088
# 996	28.04		1.024
# 997	28.08		0.664
# 998	28.11		0.21
# 999	28.14		0.07
