# 番号	時間(秒)	測定値(kgf)
1	0.13		0.152
2	0.15		0.15
3	0.18		0.152
4	0.2		0.152
5	0.23		0.158
6	0.25		0.158
7	0.28		0.156
8	0.31		0.158
9	0.33		0.16
10	0.36		0.162
11	0.38		0.162
12	0.4		0.16
13	0.43		0.152
14	0.46		0.148
15	0.48		0.134
16	0.51		0.128
17	0.53		0.128
18	0.56		0.13
19	0.58		0.134
20	0.61		0.138
21	0.63		0.138
22	0.66		0.138
23	0.69		0.134
24	0.71		0.132
25	0.74		0.134
26	0.76		0.14
27	0.79		0.15
28	0.81		0.152
29	0.84		0.16
30	0.86		0.166
31	0.89		0.168
32	0.91		0.168
33	0.94		0.168
34	0.96		0.166
35	0.99		0.162
36	1.01		0.158
37	1.04		0.158
38	1.06		0.162
39	1.09		0.164
40	1.11		0.172
41	1.14		0.182
42	1.16		0.188
43	1.19		0.194
44	1.22		0.21
45	1.24		0.21
46	1.27		0.206
47	1.3		0.202
48	1.32		0.2
49	1.35		0.23
50	1.37		0.248
51	1.4		0.304
52	1.42		0.352
53	1.45		0.39
54	1.48		0.406
55	1.5		0.458
56	1.53		0.508
57	1.55		0.55
58	1.58		0.576
59	1.62		0.588
60	1.64		0.61
61	1.67		0.622
62	1.7		0.648
63	1.72		0.67
64	1.75		0.674
65	1.78		0.69
66	1.81		0.71
67	1.83		0.748
68	1.86		0.77
69	1.88		0.818
70	1.91		0.87
71	1.93		0.888
72	1.96		0.934
73	1.98		0.974
74	2.01		0.994
75	2.04		0.996
76	2.06		0.998
77	2.09		1
78	2.11		1.024
79	2.14		1.078
80	2.16		1.244
81	2.19		1.424
82	2.21		1.512
83	2.24		1.656
84	2.26		1.75
85	2.29		1.818
86	2.31		1.85
87	2.34		1.94
88	2.37		2.024
89	2.4		2.088
90	2.42		2.118
91	2.45		2.156
92	2.47		2.19
93	2.5		2.204
94	2.52		2.244
95	2.55		2.29
96	2.57		2.338
97	2.6		2.36
98	2.63		2.412
99	2.65		2.452
100	2.68		2.494
101	2.7		2.522
102	2.73		2.57
103	2.75		2.606
104	2.78		2.634
105	2.81		2.7
106	2.83		2.764
107	2.86		2.826
108	2.88		2.852
109	2.91		2.926
110	2.94		2.982
111	2.96		3.022
112	2.99		3.07
113	3.01		3.114
114	3.04		3.152
115	3.06		3.166
116	3.09		3.218
117	3.12		3.258
118	3.14		3.306
119	3.17		3.324
120	3.19		3.358
121	3.22		3.394
122	3.25		3.414
123	3.27		3.438
124	3.3		3.476
125	3.32		3.51
126	3.35		3.518
127	3.38		3.536
128	3.4		3.57
129	3.43		3.584
130	3.46		3.6
131	3.48		3.636
132	3.51		3.662
133	3.53		3.668
134	3.56		3.69
135	3.58		3.708
136	3.61		3.734
137	3.63		3.746
138	3.66		3.782
139	3.69		3.812
140	3.71		3.83
141	3.74		3.848
142	3.77		3.878
143	3.79		3.91
144	3.82		3.93
145	3.84		3.964
146	3.87		3.998
147	3.9		4.022
148	3.92		4.038
149	3.95		4.062
150	3.97		4.082
151	4		4.09
152	4.03		4.116
153	4.05		4.128
154	4.08		4.144
155	4.1		4.156
156	4.13		4.18
157	4.16		4.198
158	4.18		4.216
159	4.21		4.228
160	4.23		4.226
161	4.26		4.222
162	4.29		4.222
163	4.31		4.224
164	4.34		4.23
165	4.36		4.25
166	4.39		4.268
167	4.42		4.292
168	4.44		4.326
169	4.47		4.338
170	4.49		4.374
171	4.52		4.396
172	4.55		4.424
173	4.57		4.432
174	4.6		4.442
175	4.63		4.456
176	4.65		4.47
177	4.68		4.48
178	4.7		4.496
179	4.73		4.522
180	4.76		4.53
181	4.78		4.536
182	4.81		4.556
183	4.83		4.578
184	4.86		4.588
185	4.89		4.614
186	4.91		4.654
187	4.94		4.66
188	4.96		4.67
189	4.99		4.686
190	5.02		4.696
191	5.04		4.696
192	5.07		4.7
193	5.1		4.706
194	5.13		4.714
195	5.15		4.724
196	5.18		4.748
197	5.2		4.77
198	5.23		4.774
199	5.26		4.79
200	5.28		4.816
201	5.31		4.83
202	5.33		4.844
203	5.36		4.868
204	5.39		4.888
205	5.41		4.896
206	5.44		4.92
207	5.47		4.934
208	5.49		4.948
209	5.52		4.952
210	5.54		4.952
211	5.57		4.952
212	5.6		4.952
213	5.62		4.954
214	5.65		4.97
215	5.68		4.996
216	5.71		5.012
217	5.73		5.04
218	5.76		5.044
219	5.78		5.036
220	5.81		5.026
221	5.84		5.02
222	5.86		5.036
223	5.89		5.05
224	5.91		5.094
225	5.94		5.12
226	5.97		5.13
227	5.99		5.138
228	6.02		5.136
229	6.05		5.134
230	6.08		5.138
231	6.1		5.14
232	6.13		5.146
233	6.16		5.164
234	6.18		5.172
235	6.22		5.17
236	6.25		5.17
237	6.27		5.154
238	6.3		5.142
239	6.32		5.148
240	6.35		5.148
241	6.38		5.136
242	6.4		5.148
243	6.43		5.152
244	6.45		5.14
245	6.48		5.146
246	6.51		5.152
247	6.53		5.148
248	6.56		5.152
249	6.59		5.178
250	6.61		5.182
251	6.64		5.188
252	6.66		5.21
253	6.69		5.216
254	6.72		5.214
255	6.74		5.226
256	6.77		5.248
257	6.8		5.256
258	6.82		5.27
259	6.85		5.296
260	6.87		5.312
261	6.9		5.316
262	6.93		5.32
263	6.95		5.326
264	6.98		5.328
265	7.01		5.33
266	7.03		5.348
267	7.06		5.372
268	7.09		5.372
269	7.11		5.356
270	7.14		5.348
271	7.16		5.348
272	7.19		5.336
273	7.22		5.346
274	7.24		5.366
275	7.27		5.37
276	7.3		5.364
277	7.33		5.368
278	7.35		5.372
279	7.38		5.372
280	7.4		5.37
281	7.43		5.37
282	7.46		5.368
283	7.49		5.366
284	7.51		5.36
285	7.54		5.356
286	7.56		5.358
287	7.59		5.358
288	7.62		5.348
289	7.64		5.344
290	7.67		5.344
291	7.7		5.342
292	7.72		5.344
293	7.75		5.352
294	7.78		5.36
295	7.8		5.366
296	7.83		5.378
297	7.86		5.382
298	7.88		5.38
299	7.91		5.388
300	7.94		5.396
301	8.3		5.42
302	8.32		5.444
303	8.35		5.616
304	8.38		5.632
305	8.4		5.636
306	8.43		5.63
307	8.46		5.626
308	8.49		5.624
309	8.51		5.624
310	8.54		5.624
311	8.57		5.622
312	8.59		5.632
313	8.62		5.632
314	8.64		5.642
315	8.67		5.674
316	8.7		5.682
317	8.72		5.692
318	8.75		5.716
319	8.78		5.726
320	8.8		5.726
321	8.83		5.738
322	8.86		5.762
323	8.88		5.766
324	8.91		5.762
325	8.93		5.758
326	8.96		5.75
327	8.99		5.74
328	9.02		5.724
329	9.04		5.724
330	9.07		5.724
331	9.1		5.736
332	9.12		5.778
333	9.15		5.81
334	9.17		5.822
335	9.2		5.856
336	9.23		5.88
337	9.25		5.88
338	9.28		5.884
339	9.31		5.904
340	9.33		5.902
341	9.36		5.9
342	9.39		5.910
343	9.41		5.906
344	9.44		5.896
345	9.46		5.868
346	9.49		5.846
347	9.52		5.812
348	9.55		5.78
349	9.57		5.754
350	9.6		5.736
351	9.63		5.724
352	9.65		5.752
353	9.68		5.816
354	9.71		5.862
355	9.73		5.88
356	9.76		5.164
357	9.79		3.448
358	9.81		2.674
359	9.84		1.146
360	9.87		0
