# 番号	時間(秒)	測定値(kgf)
1	0.13		0.066
2	0.17		0.066
3	0.2		0.07
4	0.22		0.072
5	0.25		0.074
6	0.27		0.076
7	0.3		0.076
8	0.32		0.088
9	0.35		0.09
10	0.37		0.09
11	0.4		0.086
12	0.42		0.078
13	0.45		0.074
14	0.47		0.074
15	0.5		0.08
16	0.52		0.086
17	0.55		0.088
18	0.57		0.094
19	0.6		0.098
20	0.62		0.098
21	0.65		0.098
22	0.67		0.098
23	0.7		0.096
24	0.73		0.096
25	0.75		0.092
26	0.78		0.09
27	0.8		0.086
28	0.83		0.088
29	0.85		0.094
30	0.88		0.104
31	0.91		0.112
32	0.93		0.116
33	0.96		0.116
34	0.98		0.124
35	1.01		0.128
36	1.03		0.148
37	1.06		0.166
38	1.08		0.178
39	1.11		0.178
40	1.13		0.182
41	1.16		0.178
42	1.18		0.194
43	1.21		0.202
44	1.23		0.23
45	1.26		0.264
46	1.29		0.294
47	1.31		0.324
48	1.34		0.378
49	1.36		0.438
50	1.39		0.462
51	1.42		0.502
52	1.44		0.532
53	1.46		0.568
54	1.49		0.586
55	1.51		0.636
56	1.54		0.686
57	1.56		0.722
58	1.59		0.762
59	1.62		0.816
60	1.64		0.872
61	1.67		0.904
62	1.69		0.952
63	1.71		0.984
64	1.74		1.02
65	1.76		1.028
66	1.79		1.032
67	1.82		0.996
68	1.84		0.954
69	1.87		0.944
70	1.89		1.002
71	1.92		1.152
72	1.94		1.288
73	1.97		1.448
74	1.99		1.598
75	2.02		1.696
76	2.04		1.704
77	2.07		1.702
78	2.1		1.678
79	2.12		1.632
80	2.15		1.612
81	2.17		1.552
82	2.2		1.5
83	2.22		1.486
84	2.25		1.48
85	2.27		1.498
86	2.3		1.544
87	2.33		1.566
88	2.35		1.692
89	2.38		1.832
90	2.4		2.004
91	2.43		2.098
92	2.45		2.248
93	2.48		2.38
94	2.5		2.462
95	2.53		2.524
96	2.55		2.592
97	2.58		2.628
98	2.6		2.64
99	2.63		2.682
100	2.66		2.732
101	2.68		2.8
102	2.71		2.834
103	2.73		2.936
104	2.76		3.028
105	2.78		3.088
106	2.81		3.132
107	2.83		3.188
108	2.86		3.232
109	2.89		3.252
110	2.91		3.31
111	2.94		3.38
112	2.96		3.448
113	2.99		3.484
114	3.01		3.532
115	3.04		3.578
116	3.07		3.624
117	3.09		3.65
118	3.12		3.702
119	3.14		3.752
120	3.17		3.778
121	3.19		3.816
122	3.22		3.848
123	3.24		3.89
124	3.27		3.9
125	3.3		3.926
126	3.32		3.958
127	3.35		3.968
128	3.37		3.97
129	3.4		3.978
130	3.43		3.972
131	3.45		3.968
132	3.48		3.952
133	3.5		3.938
134	3.53		3.924
135	3.56		3.92
136	3.58		3.918
137	3.61		3.91
138	3.63		3.908
139	3.66		3.914
140	3.68		3.91
141	3.71		3.906
142	3.73		3.906
143	3.76		3.906
144	3.79		3.898
145	3.81		3.906
146	3.84		3.916
147	3.86		3.93
148	3.89		3.95
149	3.91		3.97
150	3.94		3.988
151	3.97		4.01
152	3.99		4.034
153	4.02		4.042
154	4.04		4.062
155	4.07		4.08
156	4.1		4.1
157	4.12		4.114
158	4.15		4.144
159	4.17		4.176
160	4.2		4.194
161	4.23		4.226
162	4.25		4.258
163	4.28		4.288
164	4.3		4.302
165	4.33		4.332
166	4.36		4.352
167	4.38		4.372
168	4.41		4.384
169	4.43		4.402
170	4.46		4.426
171	4.48		4.434
172	4.51		4.444
173	4.54		4.456
174	4.56		4.468
175	4.59		4.472
176	4.62		4.488
177	4.64		4.506
178	4.67		4.514
179	4.69		4.53
180	4.72		4.55
181	4.74		4.556
182	4.77		4.56
183	4.8		4.57
184	4.82		4.584
185	4.85		4.59
186	4.87		4.598
187	4.9		4.612
188	4.92		4.624
189	4.95		4.632
190	4.98		4.644
191	5		4.656
192	5.03		4.666
193	5.05		4.666
194	5.08		4.674
195	5.11		4.694
196	5.14		4.7
197	5.16		4.718
198	5.19		4.754
199	5.21		4.78
200	5.24		4.788
201	5.27		4.808
202	5.29		4.82
203	5.32		4.832
204	5.35		4.848
205	5.37		4.898
206	5.4		4.934
207	5.42		4.952
208	5.45		4.986
209	5.47		4.982
210	5.5		4.98
211	5.53		4.986
212	5.55		4.982
213	5.58		4.99
214	5.6		5.002
215	5.63		5.02
216	5.66		5.028
217	5.69		5.044
218	5.71		5.048
219	5.74		5.046
220	5.76		5.046
221	5.79		5.056
222	5.81		5.056
223	5.84		5.058
224	5.86		5.074
225	5.89		5.078
226	5.92		5.066
227	5.94		5.07
228	5.97		5.076
229	6		5.074
230	6.02		5.082
231	6.05		5.094
232	6.07		5.096
233	6.1		5.1
234	6.12		5.11
235	6.15		5.13
236	6.18		5.14
237	6.21		5.154
238	6.23		5.17
239	6.26		5.186
240	6.29		5.192
241	6.31		5.204
242	6.34		5.218
243	6.37		5.222
244	6.39		5.226
245	6.42		5.238
246	6.45		5.248
247	6.47		5.254
248	6.5		5.272
249	6.52		5.294
250	6.55		5.3
251	6.58		5.316
252	6.6		5.33
253	6.63		5.34
254	6.66		5.34
255	6.68		5.344
256	6.71		5.35
257	6.73		5.36
258	6.76		5.372
259	6.79		5.386
260	6.81		5.4
261	6.84		5.406
262	6.86		5.416
263	6.89		5.424
264	6.92		5.43
265	6.94		5.43
266	6.97		5.428
267	6.99		5.422
268	7.02		5.422
269	7.05		5.422
270	7.07		5.42
271	7.1		5.416
272	7.12		5.414
273	7.15		5.41
274	7.18		5.418
275	7.2		5.418
276	7.23		5.432
277	7.25		5.444
278	7.28		5.452
279	7.31		5.454
280	7.34		5.46
281	7.37		5.474
282	7.39		5.484
283	7.42		5.492
284	7.45		5.512
285	7.47		5.514
286	7.5		5.512
287	7.52		5.516
288	7.55		5.52
289	7.58		5.524
290	7.6		5.53
291	7.63		5.538
292	7.65		5.546
293	7.68		5.548
294	7.71		5.554
295	7.73		5.558
296	7.76		5.558
297	7.78		5.564
298	7.81		5.574
299	7.84		5.584
300	7.87		5.59
301	7.89		5.6
302	7.92		5.606
303	7.94		5.614
304	7.97		5.624
305	8		5.644
306	8.02		5.66
307	8.05		5.664
308	8.08		5.676
309	8.1		5.67
310	8.13		5.658
311	8.15		5.664
312	8.18		5.666
313	8.21		5.662
314	8.23		5.672
315	8.26		5.694
316	8.29		5.686
317	8.31		5.688
318	8.34		5.696
319	8.36		5.69
320	8.39		5.682
321	8.42		5.686
322	8.45		5.686
323	8.47		5.67
324	8.5		5.664
325	8.52		5.676
326	8.55		5.682
327	8.58		5.684
328	8.6		5.694
329	8.63		5.702
330	8.65		5.702
331	8.68		5.712
332	8.71		5.72
333	8.73		5.728
334	8.76		5.724
335	8.78		5.73
336	8.81		5.732
337	8.84		5.732
338	8.86		5.738
339	8.89		5.75
340	8.91		5.764
341	8.94		5.776
342	8.97		5.798
343	8.99		5.808
344	9.02		5.838
345	9.05		5.868
346	9.07		5.888
347	9.1		5.912
348	9.13		5.92
349	9.15		5.928
350	9.18		5.932
351	9.2		5.946
352	9.23		5.954
353	9.26		5.968
354	9.28		5.974
355	9.31		5.97
356	9.33		5.976
357	9.36		5.980
358	9.39		5.97
359	9.41		5.962
360	9.44		5.948
361	9.47		5.936
362	9.84		5.904
363	9.88		5.888
364	9.91		5.886
365	9.94		5.882
366	9.98		5.948
367	10.01		3.262
368	10.04		1.69
369	10.07		0.154
