# 番号	時間(秒)	測定値(kgf)
1	0.13		0
2	0.19		0.01
3	0.24		0.012
4	0.27		0.01
5	0.32		0.01
6	0.34		0.01
7	0.37		0.01
8	0.39		0.01
9	0.42		0.012
10	0.44		0.014
11	0.47		0.014
12	0.5		0.016
13	0.52		0.018
14	0.55		0.018
15	0.57		0.02
16	0.6		0.022
17	0.62		0.022
18	0.65		0.024
19	0.67		0.026
20	0.7		0.026
21	0.72		0.028
22	0.75		0.034
23	0.78		0.04
24	0.8		0.048
25	0.83		0.06
26	0.85		0.072
27	0.88		0.072
28	0.91		0.07
29	0.93		0.07
30	0.96		0.072
31	0.98		0.078
32	1		0.096
33	1.03		0.112
34	1.06		0.124
35	1.08		0.136
36	1.11		0.152
37	1.13		0.174
38	1.16		0.188
39	1.18		0.246
40	1.21		0.308
41	1.23		0.366
42	1.26		0.386
43	1.28		0.428
44	1.31		0.454
45	1.34		0.474
46	1.36		0.494
47	1.39		0.53
48	1.41		0.56
49	1.44		0.574
50	1.46		0.614
51	1.49		0.652
52	1.51		0.686
53	1.54		0.704
54	1.57		0.748
55	1.6		0.78
56	1.62		0.82
57	1.65		0.858
58	1.67		0.886
59	1.7		0.916
60	1.72		0.922
61	1.75		0.932
62	1.77		0.942
63	1.8		0.936
64	1.82		0.946
65	1.85		0.99
66	1.87		1.05
67	1.9		1.114
68	1.93		1.204
69	1.96		1.3
70	1.98		1.378
71	2.01		1.418
72	2.04		1.468
73	2.06		1.52
74	2.09		1.566
75	2.11		1.612
76	2.14		1.658
77	2.17		1.718
78	2.2		1.754
79	2.22		1.824
80	2.25		1.922
81	2.28		1.986
82	2.3		2.056
83	2.33		2.11
84	2.36		2.158
85	2.38		2.182
86	2.41		2.224
87	2.44		2.27
88	2.46		2.306
89	2.49		2.344
90	2.52		2.412
91	2.54		2.484
92	2.57		2.518
93	2.6		2.612
94	2.62		2.702
95	2.65		2.766
96	2.67		2.828
97	2.7		2.912
98	2.72		2.994
99	2.75		3.028
100	2.78		3.118
101	2.8		3.2
102	2.83		3.258
103	2.85		3.282
104	2.88		3.328
105	2.9		3.368
106	2.93		3.406
107	2.95		3.432
108	2.98		3.466
109	3.01		3.506
110	3.03		3.52
111	3.06		3.542
112	3.08		3.558
113	3.11		3.578
114	3.13		3.586
115	3.16		3.6
116	3.18		3.622
117	3.21		3.636
118	3.24		3.652
119	3.26		3.676
120	3.29		3.696
121	3.31		3.706
122	3.34		3.732
123	3.36		3.746
124	3.39		3.764
125	3.41		3.774
126	3.44		3.794
127	3.46		3.812
128	3.49		3.834
129	3.52		3.846
130	3.55		3.864
131	3.57		3.894
132	3.6		3.906
133	3.63		3.934
134	3.65		3.972
135	3.68		3.988
136	3.7		4
137	3.73		4.018
138	3.76		4.032
139	3.78		4.038
140	3.81		4.06
141	3.83		4.072
142	3.86		4.098
143	3.88		4.106
144	3.91		4.114
145	3.93		4.134
146	3.96		4.148
147	3.98		4.156
148	4.01		4.18
149	4.04		4.212
150	4.06		4.22
151	4.09		4.246
152	4.11		4.268
153	4.14		4.288
154	4.17		4.294
155	4.19		4.316
156	4.22		4.344
157	4.24		4.364
158	4.27		4.378
159	4.29		4.402
160	4.33		4.428
161	4.36		4.442
162	4.39		4.466
163	4.41		4.482
164	4.44		4.486
165	4.46		4.492
166	4.49		4.5
167	4.52		4.508
168	4.54		4.512
169	4.57		4.526
170	4.59		4.54
171	4.62		4.548
172	4.65		4.558
173	4.67		4.564
174	4.7		4.566
175	4.73		4.57
176	4.75		4.582
177	4.78		4.584
178	4.8		4.592
179	4.83		4.598
180	4.85		4.618
181	4.88		4.632
182	4.9		4.644
183	4.93		4.666
184	4.95		4.676
185	4.98		4.684
186	5.01		4.69
187	5.03		4.698
188	5.06		4.694
189	5.09		4.698
190	5.11		4.704
191	5.14		4.71
192	5.16		4.71
193	5.19		4.712
194	5.22		4.708
195	5.24		4.698
196	5.27		4.708
197	5.3		4.716
198	5.32		4.726
199	5.35		4.742
200	5.38		4.75
201	5.4		4.766
202	5.43		4.778
203	5.45		4.792
204	5.48		4.8
205	5.51		4.816
206	5.53		4.836
207	5.56		4.848
208	5.58		4.864
209	5.61		4.882
210	5.64		4.894
211	5.66		4.898
212	5.69		4.918
213	5.71		4.938
214	5.74		4.958
215	5.77		4.97
216	5.8		4.988
217	5.82		5.002
218	5.85		5.01
219	5.87		5.018
220	5.9		5.028
221	5.92		5.036
222	5.95		5.036
223	5.97		5.036
224	6		5.042
225	6.03		5.042
226	6.05		5.038
227	6.08		5.032
228	6.1		5.018
229	6.13		5.014
230	6.16		5.014
231	6.18		5.03
232	6.21		5.036
233	6.23		5.048
234	6.26		5.06
235	6.29		5.07
236	6.31		5.072
237	6.34		5.07
238	6.37		5.07
239	6.39		5.074
240	6.42		5.078
241	6.44		5.088
242	6.47		5.102
243	6.5		5.112
244	6.52		5.118
245	6.55		5.136
246	6.57		5.152
247	6.6		5.152
248	6.63		5.158
249	6.65		5.178
250	6.68		5.186
251	6.7		5.194
252	6.73		5.206
253	6.75		5.204
254	6.78		5.2
255	6.81		5.204
256	6.83		5.216
257	6.86		5.232
258	6.89		5.238
259	6.91		5.246
260	6.94		5.25
261	6.96		5.256
262	6.99		5.27
263	7.01		5.27
264	7.04		5.27
265	7.07		5.284
266	7.09		5.298
267	7.12		5.31
268	7.15		5.32
269	7.17		5.336
270	7.2		5.348
271	7.22		5.354
272	7.25		5.366
273	7.27		5.382
274	7.3		5.392
275	7.33		5.394
276	7.35		5.398
277	7.38		5.402
278	7.41		5.398
279	7.44		5.398
280	7.46		5.406
281	7.49		5.41
282	7.52		5.416
283	7.54		5.432
284	7.57		5.436
285	7.59		5.444
286	7.62		5.456
287	7.65		5.464
288	7.67		5.474
289	7.7		5.48
290	7.72		5.49
291	7.75		5.504
292	7.78		5.52
293	7.8		5.524
294	7.83		5.53
295	7.85		5.538
296	7.88		5.54
297	7.9		5.544
298	7.93		5.554
299	7.96		5.564
300	7.99		5.568
301	8.01		5.582
302	8.04		5.592
303	8.06		5.598
304	8.09		5.602
305	8.12		5.6
306	8.14		5.6
307	8.17		5.598
308	8.19		5.596
309	8.22		5.598
310	8.25		5.602
311	8.27		5.602
312	8.3		5.606
313	8.33		5.616
314	8.35		5.618
315	8.38		5.616
316	8.4		5.622
317	8.43		5.632
318	8.46		5.636
319	8.48		5.654
320	8.51		5.676
321	8.54		5.688
322	8.57		5.706
323	8.59		5.724
324	8.62		5.738
325	8.65		5.742
326	8.67		5.744
327	8.7		5.748
328	8.73		5.75
329	8.75		5.752
330	8.78		5.746
331	8.8		5.734
332	8.83		5.734
333	8.86		5.73
334	8.88		5.718
335	8.91		5.73
336	8.94		5.74
337	8.96		5.75
338	8.99		5.778
339	9.01		5.798
340	9.04		5.8
341	9.07		5.808
342	9.09		5.824
343	9.12		5.836
344	9.15		5.85
345	9.17		5.868
346	9.2		5.892
347	9.23		5.896
348	9.26		5.914
349	9.28		5.944
350	9.31		5.95
351	9.34		5.964
352	9.36		5.978
353	9.39		5.976
354	9.41		5.972
355	9.44		5.966
356	9.46		5.966
357	9.49		5.96
358	9.52		5.956
359	9.54		5.976
360	9.57		5.988
361	9.6		5.984
362	9.62		5.992
363	9.65		6.008
364	9.68		6.006
365	9.71		6.008
366	9.73		6.024
367	9.76		6.028
368	9.79		6.032
369	9.81		6.056
370	9.84		6.076
371	9.87		6.086
372	9.89		6.096
373	9.92		6.12
374	9.95		6.13
375	9.97		6.126
376	10		6.142
377	10.03		6.158
378	10.05		6.146
379	10.08		6.144
380	10.1		6.144
381	10.13		6.104
382	10.16		6.078
383	10.18		6.096
384	10.21		6.098
385	10.24		6.072
386	10.26		6.09
387	10.29		6.108
388	10.32		5.15
389	10.35		4.38
390	10.37		2.818
391	10.4		1.022
392	10.42		0
