# 番号	時間(秒)	測定値(kgf)
1	0.19		0.15
2	0.24		0.154
3	0.29		0.152
4	0.31		0.154
5	0.34		0.152
6	0.36		0.152
7	0.39		0.152
8	0.41		0.15
9	0.44		0.156
10	0.46		0.164
11	0.49		0.17
12	0.51		0.174
13	0.54		0.18
14	0.56		0.178
15	0.59		0.178
16	0.61		0.176
17	0.64		0.17
18	0.66		0.166
19	0.69		0.162
20	0.71		0.156
21	0.74		0.148
22	0.76		0.15
23	0.79		0.152
24	0.81		0.16
25	0.84		0.172
26	0.87		0.182
27	0.89		0.184
28	0.92		0.192
29	0.94		0.196
30	0.97		0.2
31	0.99		0.202
32	1.02		0.204
33	1.04		0.2
34	1.07		0.202
35	1.09		0.202
36	1.12		0.204
37	1.14		0.218
38	1.17		0.228
39	1.2		0.244
40	1.23		0.254
41	1.26		0.258
42	1.28		0.26
43	1.31		0.28
44	1.34		0.352
45	1.36		0.396
46	1.39		0.534
47	1.41		0.638
48	1.44		0.672
49	1.47		0.72
50	1.49		0.72
51	1.52		0.746
52	1.54		0.766
53	1.57		0.79
54	1.59		0.828
55	1.62		0.88
56	1.64		0.906
57	1.67		0.952
58	1.7		1.008
59	1.72		1.04
60	1.75		1.08
61	1.77		1.114
62	1.8		1.156
63	1.82		1.172
64	1.85		1.2
65	1.87		1.224
66	1.9		1.244
67	1.93		1.246
68	1.95		1.272
69	1.98		1.32
70	2		1.376
71	2.03		1.534
72	2.06		1.712
73	2.08		1.912
74	2.11		1.966
75	2.13		2.046
76	2.16		2.114
77	2.18		2.172
78	2.21		2.238
79	2.23		2.336
80	2.26		2.418
81	2.28		2.45
82	2.31		2.522
83	2.33		2.548
84	2.36		2.566
85	2.39		2.582
86	2.41		2.622
87	2.44		2.692
88	2.46		2.762
89	2.49		2.802
90	2.51		2.876
91	2.54		2.944
92	2.57		2.968
93	2.59		3.03
94	2.62		3.08
95	2.64		3.108
96	2.67		3.118
97	2.69		3.146
98	2.72		3.164
99	2.75		3.182
100	2.77		3.2
101	2.8		3.204
102	2.82		3.212
103	2.85		3.224
104	2.87		3.246
105	2.9		3.262
106	2.93		3.282
107	2.95		3.292
108	2.98		3.304
109	3.01		3.312
110	3.03		3.326
111	3.06		3.332
112	3.08		3.332
113	3.11		3.34
114	3.13		3.346
115	3.16		3.36
116	3.19		3.378
117	3.21		3.41
118	3.24		3.428
119	3.26		3.456
120	3.29		3.49
121	3.31		3.506
122	3.34		3.532
123	3.36		3.558
124	3.39		3.588
125	3.41		3.604
126	3.44		3.648
127	3.47		3.69
128	3.49		3.738
129	3.52		3.756
130	3.54		3.772
131	3.57		3.802
132	3.59		3.812
133	3.62		3.818
134	3.65		3.836
135	3.67		3.858
136	3.7		3.868
137	3.72		3.902
138	3.75		3.942
139	3.78		3.968
140	3.8		3.98
141	3.83		4.004
142	3.85		4.028
143	3.88		4.034
144	3.9		4.038
145	3.93		4.048
146	3.95		4.048
147	3.98		4.046
148	4		4.054
149	4.03		4.06
150	4.05		4.066
151	4.08		4.072
152	4.11		4.086
153	4.13		4.096
154	4.16		4.102
155	4.18		4.114
156	4.21		4.128
157	4.24		4.14
158	4.26		4.148
159	4.29		4.156
160	4.32		4.164
161	4.34		4.17
162	4.37		4.174
163	4.39		4.182
164	4.42		4.184
165	4.44		4.18
166	4.47		4.186
167	4.5		4.2
168	4.52		4.208
169	4.55		4.216
170	4.58		4.234
171	4.6		4.246
172	4.63		4.25
173	4.65		4.256
174	4.68		4.26
175	4.7		4.256
176	4.73		4.256
177	4.75		4.258
178	4.78		4.27
179	4.81		4.284
180	4.83		4.288
181	4.86		4.294
182	4.89		4.298
183	4.91		4.296
184	4.94		4.292
185	4.96		4.294
186	4.99		4.294
187	5.02		4.294
188	5.04		4.302
189	5.07		4.308
190	5.09		4.316
191	5.12		4.328
192	5.14		4.348
193	5.17		4.364
194	5.19		4.368
195	5.22		4.394
196	5.24		4.412
197	5.27		4.438
198	5.3		4.446
199	5.32		4.458
200	5.35		4.464
201	5.38		4.466
202	5.4		4.474
203	5.43		4.484
204	5.45		4.502
205	5.48		4.512
206	5.51		4.532
207	5.53		4.536
208	5.56		4.538
209	5.58		4.542
210	5.61		4.54
211	5.63		4.55
212	5.66		4.56
213	5.68		4.582
214	5.71		4.59
215	5.74		4.608
216	5.76		4.616
217	5.79		4.624
218	5.81		4.652
219	5.84		4.69
220	5.87		4.706
221	5.89		4.728
222	5.92		4.748
223	5.94		4.75
224	5.97		4.744
225	6		4.75
226	6.02		4.754
227	6.05		4.756
228	6.07		4.76
229	6.1		4.768
230	6.13		4.776
231	6.15		4.786
232	6.18		4.806
233	6.2		4.824
234	6.23		4.826
235	6.26		4.836
236	6.28		4.84
237	6.31		4.84
238	6.33		4.834
239	6.36		4.84
240	6.38		4.848
241	6.41		4.846
242	6.44		4.846
243	6.46		4.86
244	6.49		4.874
245	6.52		4.878
246	6.54		4.886
247	6.57		4.896
248	6.59		4.9
249	6.62		4.894
250	6.65		4.894
251	6.67		4.9
252	6.7		4.902
253	6.72		4.898
254	6.75		4.912
255	6.77		4.924
256	6.8		4.922
257	6.83		4.932
258	6.85		4.948
259	6.88		4.958
260	6.9		4.966
261	6.93		4.982
262	6.96		4.998
263	6.99		5.002
264	7.01		5.006
265	7.04		5.028
266	7.06		5.044
267	7.09		5.062
268	7.11		5.09
269	7.14		5.11
270	7.17		5.12
271	7.19		5.128
272	7.22		5.132
273	7.24		5.142
274	7.27		5.148
275	7.3		5.144
276	7.32		5.15
277	7.35		5.156
278	7.37		5.158
279	7.4		5.164
280	7.42		5.188
281	7.45		5.194
282	7.48		5.208
283	7.51		5.232
284	7.54		5.244
285	7.57		5.248
286	7.6		5.254
287	7.62		5.26
288	7.65		5.252
289	7.67		5.242
290	7.7		5.24
291	7.74		5.242
292	7.77		5.24
293	7.8		5.256
294	7.82		5.26
295	7.85		5.258
296	7.87		5.274
297	7.9		5.286
298	7.93		5.286
299	7.95		5.29
300	7.98		5.292
301	8		5.294
302	8.03		5.29
303	8.06		5.3
304	8.08		5.308
305	8.11		5.302
306	8.13		5.294
307	8.16		5.298
308	8.19		5.298
309	8.21		5.3
310	8.24		5.308
311	8.27		5.308
312	8.29		5.308
313	8.32		5.312
314	8.35		5.328
315	8.37		5.338
316	8.4		5.34
317	8.42		5.352
318	8.45		5.362
319	8.48		5.366
320	8.5		5.37
321	8.53		5.376
322	8.55		5.372
323	8.58		5.372
324	8.61		5.372
325	8.64		5.38
326	8.66		5.382
327	8.69		5.392
328	8.72		5.412
329	8.74		5.424
330	8.77		5.422
331	8.79		5.432
332	8.82		5.434
333	8.84		5.432
334	8.87		5.434
335	8.9		5.446
336	8.92		5.454
337	8.95		5.46
338	8.98		5.484
339	9		5.488
340	9.03		5.494
341	9.06		5.504
342	9.08		5.504
343	9.11		5.504
344	9.13		5.504
345	9.16		5.496
346	9.19		5.478
347	9.21		5.462
348	9.24		5.46
349	9.27		5.452
350	9.29		5.432
351	9.32		5.428
352	9.35		5.434
353	9.37		5.44
354	9.4		5.462
355	9.42		5.478
356	9.45		5.512
357	9.48		5.532
358	9.5		5.546
359	9.53		5.556
360	9.55		5.552
361	9.58		5.55
362	9.6		5.542
363	9.63		5.53
364	9.66		5.532
365	9.68		5.536
366	9.71		5.536
367	9.74		5.56
368	9.77		5.57
369	9.79		5.566
370	9.82		5.556
371	9.84		5.54
372	9.87		5.526
373	9.9		5.52
374	9.93		5.518
375	9.95		5.508
376	9.98		5.508
377	10		5.538
378	10.03		5.562
379	10.06		5.594
380	10.08		5.622
381	10.11		5.646
382	10.14		5.642
383	10.16		5.644
384	10.19		5.652
385	10.21		5.648
386	10.24		5.66
387	10.27		5.674
388	10.29		5.704
389	10.32		5.716
390	10.35		5.718
391	10.38		5.722
392	10.4		5.736
393	10.43		5.762
394	10.45		5.766
395	10.48		5.778
396	10.51		5.782
397	10.53		5.774
398	10.56		5.768
399	10.58		5.786
400	10.61		5.8
401	10.64		5.8
402	10.66		5.798
403	10.69		5.8
404	10.72		5.802
405	10.75		5.802
406	10.77		5.8
407	10.8		5.786
408	10.83		5.778
409	10.85		5.754
410	10.88		5.746
411	10.91		5.752
412	10.94		5.756
413	10.96		5.764
414	10.99		5.79
415	11.02		5.802
416	11.04		5.826
417	11.07		5.846
418	11.1		5.858
419	11.12		5.878
420	11.15		5.894
421	11.18		5.902
422	11.2		5.898
423	11.23		5.878
424	11.26		5.844
425	11.28		5.828
426	11.31		5.828
427	11.34		5.822
428	11.37		5.818
429	11.39		5.83
430	11.42		5.848
431	11.49		5.864
432	11.54		5.88
433	11.57		5.9
434	11.59		5.908
435	11.62		5.944
436	11.65		5.982
437	11.67		6.016
438	11.7		6.028
439	11.73		6.046
440	11.76		6.056
441	11.78		6.054
442	11.81		6.054
443	11.84		6.064
444	11.86		6.068
445	11.89		6.076
446	11.91		6.086
447	11.94		6.068
448	11.97		6.05
449	12		6.028
450	12.02		6.012
451	12.05		6.008
452	12.08		6.016
453	12.1		6.018
454	12.13		5.992
455	12.16		5.986
456	12.18		5.984
457	12.21		5.962
458	12.24		5.946
459	12.27		5.97
460	12.29		5.998
461	12.32		6.024
462	12.35		6.042
463	12.37		6.07
464	12.4		6.064
465	12.43		6.076
466	12.45		6.086
467	12.48		6.09
468	12.51		6.128
469	12.54		6.142
470	12.56		6.16
471	12.59		6.172
472	12.62		6.18
473	12.64		6.18
474	12.67		6.194
475	12.7		6.23
476	12.72		6.25
477	12.75		6.28
478	12.78		6.3
479	12.81		6.31
480	12.83		6.3
481	12.86		6.278
482	12.89		6.258
483	12.91		6.218
484	12.94		6.102
485	12.97		6.028
486	12.99		6.002
487	13.02		6.014
488	13.05		6.114
489	13.07		6.232
490	13.1		6.28
491	13.13		6.348
492	13.16		6.396
493	13.18		6.41
494	13.21		6.43
495	13.24		6.456
496	13.26		6.484
497	13.29		6.502
498	13.32		6.556
499	13.34		6.574
500	13.37		6.578
501	13.4		6.564
502	13.42		6.52
503	13.45		6.482
504	13.48		6.47
505	13.51		6.462
506	13.53		6.476
507	13.56		6.486
508	13.59		6.524
509	13.62		6.57
510	13.65		6.586
511	13.67		6.596
512	13.7		6.612
513	13.73		6.644
514	13.75		6.656
515	13.78		6.686
516	13.81		6.728
517	13.84		6.514
518	13.86		4.944
519	13.89		3.212
520	13.92		1.264
521	13.94		0.392
